800
-13.46858 81.00093
24.07690 168.44024
50.80007 121.14080
-44.28428 1.07680
-8.12011 -144.79425
-13.03685 174.32688
4.44058 -43.13831
30.18219 -67.51446
-6.77488 -144.33739
-8.63591 -144.02682
10.20331 -120.37654
0.86481 -156.77851
-16.71981 -75.27758
3.49022 -150.37557
-15.18732 -1.90807
-44.22124 -114.49307
-22.94966 -141.45901
-22.89954 -122.45687
2.05263 91.21492
-15.06382 5.44727
31.96824 -44.44709
-19.01753 -79.58751
34.30376 88.19495
-32.83732 3.51733
-56.32609 97.08438
56.24039 -154.66388
9.65122 -149.39885
39.89311 110.56857
57.74904 123.91564
-38.44062 -69.02700
-58.71854 -146.48173
-66.45013 -78.08164
-80.65522 -137.52557
-49.43675 76.18690
12.19624 -93.88687
-33.56496 -71.89148
-16.45219 170.44979
32.69647 163.86781
-19.65262 -88.76232
7.56425 155.45743
-26.39900 -163.90016
-67.55695 -85.36979
80.60140 -70.86627
-25.88324 -166.23532
13.19666 155.11945
37.88792 117.67334
-12.49868 150.43695
4.70927 149.02084
-10.83705 76.82782
-22.46105 91.27607
22.01463 -103.12377
79.57344 104.53139
-41.91152 109.16819
44.58738 -25.55062
17.02643 -65.51214
-1.93150 22.41073
13.63385 -128.66884
-52.38204 -99.50157
41.28286 117.62283
-21.28303 -177.13788
1.50849 -2.44001
-3.32189 150.90277
-80.20828 -58.14343
-44.43197 57.82575
-9.88047 -136.32602
27.69027 -68.93525
10.28350 146.85539
-64.44675 -125.00968
-1.87652 132.70113
-21.55487 -59.15604
22.29186 122.32821
11.31627 -169.01579
63.04669 -50.89954
3.48538 -62.31167
-11.96413 98.56796
49.30888 -114.55184
46.28528 -66.67099
-69.34804 -36.67428
7.40927 147.95899
24.95620 47.66940
-46.25704 52.38115
35.62584 127.43220
35.00720 -109.70324
66.17436 128.80333
2.07088 -66.84747
-15.47049 -22.32645
-35.30959 44.70888
39.98065 -46.18302
52.29794 85.02703
24.36551 -140.69375
-19.22500 14.91298
-5.76184 17.55105
-22.79367 -75.99023
-19.93579 160.34229
-24.83689 63.55210
53.74069 175.97644
23.01749 20.05705
-3.27625 -154.84525
-69.18440 68.87215
41.54185 118.82571
-70.43696 -140.15259
-20.54054 146.03771
-42.11827 -89.21577
49.29209 -123.06040
-69.91844 -130.32479
28.29361 121.90292
-46.28355 47.27598
-46.13727 -160.99085
39.86433 122.59694
-47.43558 123.69999
7.01379 68.11602
75.54502 -84.58732
36.03291 -67.94653
-23.14642 -93.70471
-26.79950 22.65329
67.37304 51.28618
-29.56701 110.90156
40.24500 33.63386
-34.99619 -84.15710
69.64692 -64.30972
0.25735 0.30210
-30.30688 70.28877
3.43561 -21.31899
-53.62517 103.60681
-13.13164 9.50802
1.94996 22.16227
13.85151 108.77803
-23.91293 -119.75550
3.11719 -168.48575
-15.78280 155.13581
51.32849 114.01944
-35.72494 150.23393
38.21355 22.85634
19.97492 161.55148
72.01228 166.61265
5.13425 11.84498
49.34919 148.37144
34.25593 101.78201
8.55491 -53.09740
78.65524 -4.03961
-4.47139 102.85052
27.79098 -57.51849
33.93259 -50.20607
79.49139 89.15204
59.62741 -117.93325
27.62964 -138.61645
-46.74697 -160.01991
-57.28806 65.04492
15.04909 99.85186
36.70318 20.89026
-27.07004 140.76373
-53.36061 157.54843
-16.81195 -44.88250
6.09916 -30.60276
20.61358 129.02581
11.54836 -136.18267
-69.62887 -130.52328
32.97718 177.47932
0.02647 -19.64458
-36.23434 -7.82724
54.09187 97.87385
72.02001 106.68583
-5.28229 -79.61315
19.89646 -46.38485
-34.77654 -112.32135
40.18887 -146.59250
-54.81373 -57.82354
4.82763 -60.43760
-77.96473 85.05959
-9.20904 78.28704
39.08520 -97.68281
39.06234 -173.88888
28.91109 114.72491
68.24497 26.59144
14.09240 65.78560
15.88977 84.88170
65.50964 -19.61882
-25.20906 1.79332
56.38459 -83.49907
36.09038 13.04848
11.11165 -123.08446
31.76170 16.45419
-19.42687 54.28130
-10.48661 20.27772
-48.82882 -100.01461
54.31805 19.55368
-7.40128 -40.00612
-15.29606 -176.20554
-49.14441 155.11298
42.88043 -42.21060
37.83422 -44.57330
-82.62024 23.34470
-77.37370 -18.78910
35.35607 59.01620
7.69936 -23.62566
18.91228 163.82624
-12.09082 -126.77197
-17.45569 -126.48556
14.69510 -130.47859
11.14983 149.86568
26.66901 -36.46194
69.48312 -129.64734
-19.98389 -110.02962
16.34885 -17.84728
-16.13981 39.61785
-20.09502 168.34545
58.11529 123.76633
-26.97041 -61.18986
-38.21238 65.77096
-19.34536 136.92245
38.64435 80.49574
-17.59633 -177.37426
-36.02879 -178.23064
-55.50891 -92.28296
8.61093 63.73032
25.99796 136.87461
20.80824 -150.84024
56.26410 -30.98522
20.95587 -110.84531
21.50295 69.97959
-14.35769 21.54093
-63.77068 -54.53756
13.61612 -60.40931
53.75223 171.53478
50.79436 -17.73419
32.61888 41.53201
-29.83207 -86.85641
-56.32498 23.13389
-26.14632 76.49299
53.02534 46.74322
35.52494 89.95912
-11.93568 -147.49311
1.21201 121.76098
-0.13458 -51.28227
-52.29053 -94.64221
-22.10239 132.67614
-56.04947 -5.67262
-62.94224 46.34459
24.38265 91.19568
-2.04763 -141.43124
86.32311 -174.08829
-38.28545 -9.43456
-4.24353 131.88157
-73.44623 3.38276
-55.95257 44.05293
19.08210 13.60880
51.87510 87.03017
56.35270 146.74127
-64.39084 -103.89752
17.89354 143.04317
-49.66037 173.37256
27.30499 -116.98524
44.65120 11.07390
28.34586 -9.15997
-15.42914 83.92853
-35.68201 160.75461
-22.73854 88.27690
-51.50116 4.61019
-27.81344 -10.37644
21.80103 -107.68740
38.46031 165.83515
-17.43530 -41.14594
-14.30431 93.83611
22.71358 -87.60467
13.36567 42.49381
29.35199 141.55988
42.73470 -78.72976
8.69618 154.98845
71.49397 108.82712
-55.30350 48.34053
-40.88617 -150.42485
10.76422 -0.37522
-34.82595 36.78434
30.96971 1.37254
43.81621 20.68753
22.65151 97.44831
-34.04861 10.53077
25.08933 125.72906
42.55917 -168.85447
40.39009 -13.84773
-48.81838 -126.97050
-14.86643 153.37817
-51.61892 167.45518
17.26743 102.84638
55.21504 -64.85840
1.77380 84.17868
-49.83420 105.35053
7.56820 115.31192
-67.05747 -100.46839
54.56918 176.48763
48.93197 -5.75022
9.75390 -140.24542
3.27506 -166.47127
13.82657 11.01699
4.69191 -141.58148
32.82269 -156.49380
45.51626 -160.79874
52.97338 -108.57446
-15.56840 -111.48971
29.52446 -100.90443
8.35100 5.73404
13.61865 -170.68270
17.44517 -166.50853
42.23560 -67.98433
63.91621 15.69991
14.32086 -83.33497
-9.21119 -34.39650
38.94389 80.91486
-63.47005 -41.72708
-46.11748 50.19263
12.02465 73.87767
40.50689 -72.49043
-66.16574 84.34171
46.71288 119.99824
21.11014 92.35813
-41.40726 -28.07117
10.89496 -31.56298
-33.69538 30.68065
1.73248 -39.30657
60.18194 -72.00027
-12.06946 -108.05873
-25.35531 -151.74832
43.42917 137.61733
51.23812 -57.54125
-13.90452 -11.40408
-19.24207 36.66806
-16.83278 141.82231
-1.01410 149.13620
4.78678 -58.02771
-31.41595 -107.05210
-27.47796 -79.24527
-14.81256 -155.78155
50.94998 -149.97681
35.77612 48.03174
49.42517 39.87523
31.38098 152.52225
5.38395 -59.74972
86.71625 116.59892
-10.13713 -178.21778
14.10120 -94.65758
19.35222 89.90872
2.39950 -39.06814
-5.29397 61.91585
-22.33406 10.00300
-66.98881 133.74527
-25.90167 49.66745
20.35277 -170.37479
-52.35064 -87.10505
-53.84015 118.83771
-70.95626 -93.14545
25.64646 114.99772
36.98262 -27.46730
26.39312 2.94379
-40.35253 18.92501
-9.00147 140.22691
-41.83402 82.76605
-12.31799 100.99279
-18.26903 46.44339
-14.33689 60.91836
45.36881 -33.87684
-54.71509 98.28691
-26.85775 170.84482
-10.06527 -4.75726
-58.75925 -160.79019
26.64635 67.54414
-64.04532 35.25485
44.85417 102.90446
-21.18632 -12.60234
-32.80347 35.48920
13.09958 75.66907
53.40633 157.07435
-34.19954 -161.80785
4.83718 -62.99150
6.76914 -134.80207
21.58484 88.07869
35.03136 114.29336
-38.52703 -25.13398
68.33238 125.75791
2.68299 -31.25564
31.13468 7.06088
34.42378 -13.34392
-85.59898 -53.55204
-16.37555 -85.60504
56.30505 160.34803
-27.44071 -81.96072
36.11019 122.63719
49.01738 -170.49604
-33.39357 -145.29173
10.90013 -21.79959
32.37162 16.93326
-33.37648 71.14251
37.01267 40.64698
26.04061 153.42938
42.67471 7.68889
40.58106 -149.03060
-3.44575 -131.76126
21.84309 -19.10609
-37.64998 -103.04376
-51.69759 159.98294
30.12228 -179.23053
25.69623 61.64848
-5.87656 158.54618
-54.69345 -154.12355
49.61591 -148.94283
-41.53607 -172.35211
12.99823 -87.99671
-84.98065 -139.32485
-34.17646 43.83546
-25.44867 25.16267
11.67477 -106.15947
-64.56548 164.09865
-63.70900 50.13215
65.30949 -83.22644
-39.67187 -145.80573
-15.79922 44.03445
5.21419 11.88800
9.27606 -54.73698
4.83854 -150.12499
37.30838 150.27031
-3.95873 -136.16248
-23.96278 125.27599
-54.78997 -131.00161
56.21146 16.13988
19.42205 93.22901
-28.58723 -54.64737
-19.52641 0.94198
-41.69063 36.06415
50.40341 -146.88982
59.92102 -158.79909
-47.57913 -14.32619
-39.93341 -15.77722
-44.46973 13.83193
47.73639 -75.30594
60.35640 -102.76138
57.78396 19.77128
22.04250 174.55751
-1.84115 -175.79065
15.58981 -55.75258
59.23831 107.91477
58.46527 -34.54181
43.34487 -27.05642
33.36084 -2.46371
-19.63263 -151.80777
51.65323 131.47846
-24.60819 -122.78691
52.38282 -24.38422
-47.51903 -158.52076
-74.27429 162.48133
-20.45233 -165.09930
41.82282 64.80387
-30.08546 162.84810
32.13931 -105.59637
17.38121 149.41854
-2.84025 -28.60931
-8.63936 -174.82658
5.18066 60.54708
-76.62072 -121.20157
-69.68787 -41.25378
27.25635 -73.96592
-34.39750 93.58668
-1.08475 -155.62525
58.03423 -56.68908
13.61850 -111.13880
-15.36800 -50.05426
-47.55132 -17.97352
70.85669 -153.42863
56.49453 4.14031
-17.86866 8.76669
60.33312 47.47573
13.07446 -154.73198
11.49328 10.29686
-49.01432 31.81877
58.34697 137.29155
25.37558 -50.87990
2.08930 137.83079
-52.25517 -126.65590
21.12952 -132.29515
53.79611 -178.87452
-7.79215 -53.99907
-56.88186 -127.05941
-31.57902 11.75040
-52.71383 -29.34760
-5.85013 -87.02422
16.34075 -72.25347
-58.79762 -19.89611
-25.82297 -104.57943
29.27856 -93.77373
-3.68618 -148.31665
-39.46254 53.47812
-42.89642 -66.03621
20.24490 -35.44846
-39.81039 -102.92056
23.55897 70.37650
8.55618 148.60323
32.08059 -20.95914
15.41611 -169.23757
-22.35834 -114.36938
57.35865 -15.02572
54.90261 -60.07195
38.47265 -71.96319
15.84975 93.07039
-16.21639 -19.44000
-61.55114 -116.09159
57.20232 78.34848
-24.93147 150.70162
37.21845 89.36955
-50.03257 -80.06373
65.54500 136.36145
45.59409 171.79973
11.04773 152.66945
-64.48655 154.20316
-21.55582 144.99284
8.45733 -122.76383
74.95845 -174.84763
17.84796 -112.28433
-43.11437 -14.22907
68.24029 -54.15629
3.09446 -103.58696
-10.82020 -7.27245
-49.71881 86.42217
-26.30899 51.11854
-41.33522 85.95766
75.67915 168.46586
38.60916 139.07589
-50.74177 154.06408
19.84290 32.49734
-35.11429 -3.61619
-70.08033 -161.50947
87.95746 114.97925
-10.09096 137.57180
-61.85914 -140.26217
-62.87279 109.08957
54.92489 -163.70128
-31.63359 -134.59570
66.12190 87.56030
-14.64315 -162.69297
-59.85444 84.23632
-42.54987 -38.84936
-44.73785 -106.32446
-59.61158 107.73449
-57.45958 36.08534
-20.60819 -8.84772
69.05716 -97.59672
17.68815 -8.33930
-31.13617 -11.32221
-9.59003 58.02627
-16.99427 -78.46705
44.45389 63.37045
38.43900 -21.37681
25.56102 147.69483
-33.83649 151.83145
4.52555 73.21521
9.18712 -43.82215
-11.85194 9.60543
-19.48165 168.71890
61.68151 -74.32894
55.71878 -73.83243
40.04740 -125.31657
13.15766 111.78840
26.62016 -170.57922
18.89917 -178.00479
14.20408 -111.43358
-24.85836 17.43887
-51.11850 101.24024
-39.80341 -128.55429
-42.04749 -60.85125
-36.24394 -3.30841
51.78245 21.56262
69.39022 45.00318
-14.64829 -8.76722
-34.84977 175.58266
-25.26853 -121.54029
29.46225 110.05923
12.64634 -27.11242
20.68025 66.20198
25.69495 -37.28908
4.29411 73.02149
-39.48721 152.51463
55.87248 -33.27433
10.69656 -116.33170
8.81631 -72.92796
-24.10835 -137.14540
27.24225 12.17910
-72.31742 -5.56913
-0.37347 -144.96411
-65.60005 -118.96151
38.63642 -151.15606
-81.43928 119.56977
20.54218 12.94897
4.30297 4.52419
-23.77192 51.87906
8.82786 113.82752
-41.83182 0.37680
-14.61783 39.90789
-63.61193 -19.53584
-32.76031 7.62191
-72.86519 101.58414
-83.33777 76.88326
-75.85985 76.97147
-52.28659 -139.28490
24.51976 -54.24078
-45.61253 -35.17482
-19.67329 24.35446
31.15954 165.95153
22.50882 -149.78601
33.72468 -6.68424
49.60095 -2.32932
6.92149 -64.71213
-47.91615 -137.66380
-53.60227 -157.06476
-14.06498 12.38547
-37.21067 -80.05818
-75.98920 -10.57634
21.38470 152.01855
9.80369 99.07307
-44.58984 136.50537
-6.09700 8.46389
-41.13852 -80.40135
-28.74479 -87.27210
-7.79678 120.92704
-68.37912 -146.89871
60.38998 -120.37796
43.42159 -25.46140
4.25937 -172.63659
-20.18617 21.59109
-38.57622 23.24054
-60.98787 23.97899
32.85870 -23.72286
41.42587 -55.05175
-43.70538 -100.74859
-10.89104 -79.47134
75.65880 -97.82075
-42.12568 -23.55305
-3.11100 -72.67320
-51.55276 -128.00084
-21.45914 108.43936
7.10201 81.88887
-24.48790 -133.76866
19.87032 -169.41391
-86.73511 49.84892
25.05697 -71.61988
52.60337 50.26661
77.94545 -53.93124
-38.02754 -1.90200
-26.96327 -172.68305
9.21870 -32.11644
52.73885 74.99411
18.10241 -7.38742
10.34287 -157.82196
-48.04480 -24.49548
14.61789 -176.68377
-5.20742 124.39371
10.03290 -139.55850
-5.29982 145.26705
5.54677 -61.04740
64.41414 109.06481
26.24979 -30.16011
-41.06751 -17.87915
-10.04397 -3.90034
-38.99101 -150.01589
-12.44017 -66.07255
70.66463 91.14063
-67.39437 137.73796
43.15209 79.84545
-3.29570 57.46674
18.63027 57.78212
11.94431 -1.98241
58.42701 87.50361
-0.13631 -57.55726
40.49515 116.76192
67.82715 -5.85810
13.63194 -98.48104
-0.03785 -36.45775
3.05651 167.74766
20.17636 62.35798
-72.04635 -16.43283
59.35137 -128.50437
-59.85380 -32.74994
-31.85472 113.38982
13.51535 -24.53022
2.34310 -69.71821
14.74638 -117.28029
11.22325 -176.05957
-57.69040 103.73455
-56.61384 -29.04797
-2.98556 -111.99246
-2.16402 125.59575
20.64071 131.08480
40.57819 -121.69695
-17.83340 -48.50264
-37.73590 93.34219
-38.83586 13.68466
-16.64799 72.73485
-20.79149 -110.00670
-72.20493 67.49346
-2.15838 -117.06516
-73.30947 64.49018
-41.93497 -71.46514
64.50000 173.29686
30.69434 -114.88224
-62.10120 19.30292
40.86379 -63.65897
32.71146 -134.43284
-44.23493 6.98133
-4.61898 145.46357
-16.37302 98.48598
3.36716 -47.50736
20.77211 126.48213
-18.46522 -39.54044
18.88717 -136.20320
38.49831 23.66497
-50.94215 107.89657
33.19735 -103.59861
-14.50954 46.51508
-8.19192 -16.05223
9.90827 5.38606
29.22244 42.72569
-1.52220 -73.41432
3.84980 -88.41033
16.91061 -144.72875
-27.82585 -161.03630
39.06352 -8.55470
4.65196 -24.51933
77.00794 68.38122
-15.22568 -50.19483
-11.94100 -145.51922
-66.24682 98.89834
13.55098 167.66629
-49.52905 4.61902
-38.55703 -4.42814
10.02977 -169.60397
-40.99930 31.56364
-61.05580 6.44473
-43.09927 37.91701
9.28885 -77.91899
40.28710 117.02225
66.10302 -27.35740
9.25590 -122.93324
-54.78896 -100.75010
-9.00361 -10.99031
59.85280 83.12303
-19.74047 -42.16030
-59.06620 15.30309
-18.42856 48.74415
28.60995 -172.68048
67.55410 -154.78270
24.54442 -79.68713
34.19810 142.32112
-27.63355 -72.63156
-32.18532 -146.51975
18.18657 -63.13797
-28.21094 -98.29307
25.60402 -171.67977
46.81976 2.14792
27.90655 118.99492
-37.57924 150.36995
-15.91754 110.97694
11.90174 -145.71735
54.27739 27.30077
-14.55507 -55.64775
30.27421 -46.30538
-2.21185 154.04931
18.42433 26.90361
23.23629 70.58721
41.69446 -7.14375
-72.00965 59.64018
59.16242 142.61357
44.17621 14.84596
-33.76267 28.32993
29.05088 57.15464
48.21481 171.25423
-37.53858 -171.29788
38.47800 -13.46561
-40.68747 158.81705
23.11633 59.04917
53.94036 41.81209
-18.84574 103.91159
-6.01045 -24.36418
-0.23552 -123.08906
45.38118 -30.41236
41.71682 -178.58508
67.74067 -149.70131
-36.05158 46.53657
34.41443 -15.67099
25.89517 161.28964
54.13431 17.11686
32.46069 -141.71284
27.54839 -95.32287
-25.76746 149.51334
-44.63277 131.71332
-8.57151 -102.39432
-6.46166 102.54075
22.78448 -165.43772
28.73276 -176.50654
65.52626 98.54637
26.49009 -21.83802
78.88970 6.54319
-26.73660 -124.72966
62.96894 -80.27750
-45.44013 70.27780
