1600
35.62694 -154.79889
21.79315 -176.06677
40.86270 -90.60330
46.10907 172.01380
-39.60743 -16.29853
6.63542 -145.18641
31.12531 -138.52262
-23.12959 51.48136
-67.38179 -176.26504
-34.37324 3.47748
39.65119 -54.72369
61.59776 87.86844
22.48161 -110.38317
-44.31867 -1.60246
18.07224 -41.85312
28.46647 -117.56501
20.27496 96.42355
40.84288 -170.86252
-43.42812 129.67302
5.64115 -170.90237
-16.49655 7.59941
8.12684 -159.69576
43.46070 112.84484
-24.96876 145.82775
55.42891 81.32140
-35.11523 82.77342
13.95361 92.24157
-84.11784 -78.77111
23.42883 106.01262
37.38663 38.19400
50.62079 -48.43606
-22.60063 -116.55835
50.70550 88.63762
56.73297 -51.52274
-41.51022 -143.51856
-31.37610 -147.73324
68.64648 -130.91559
18.32750 -50.26529
-37.93441 -158.46817
39.71930 -57.43938
11.92000 -128.35513
20.96175 -136.66964
53.90133 -83.15760
-11.48105 -44.71358
-29.91239 20.05798
26.67990 172.30584
-63.77458 134.63975
-54.64499 160.60309
-48.62028 -112.02842
39.15662 179.32455
70.47499 -108.05087
41.32113 -166.31474
46.88220 121.05416
-71.87369 -165.31115
28.43086 -53.82758
-32.34210 -173.25532
72.94694 -9.37192
-55.60048 -96.16199
23.02899 -123.09192
-20.71145 157.00705
-32.94482 -132.51977
-4.13924 98.03313
-43.58559 -141.73591
21.97374 75.48978
-63.64898 -55.69793
-64.59195 35.12732
-37.46388 178.51037
63.25980 18.26537
79.90540 -53.76533
-5.24620 4.67780
41.55974 -160.24230
-14.23235 40.43227
43.36438 -59.80298
-20.29504 7.65382
10.29492 129.39161
-32.98672 69.58661
-72.33924 137.11242
5.57759 48.67552
68.85387 -0.02012
56.04298 -47.70528
30.97962 106.35262
-30.12859 69.08103
9.52971 -164.77171
4.36593 -68.85781
24.52659 -89.91503
-39.66991 170.48044
51.38090 -62.26017
-47.41439 -126.87168
-12.39717 24.35477
39.49209 -54.16372
-0.08431 107.21539
38.17815 8.11953
-12.24575 -128.10978
-82.14131 159.60205
-53.07115 -77.01104
-43.39808 27.66725
-17.46011 -148.01137
-51.16970 -83.40250
-8.61671 124.75666
70.26944 1.26745
-38.87997 -152.00732
-24.92302 -177.53299
-37.87712 111.41606
21.13641 172.63519
-42.35660 119.08718
17.56977 2.32141
69.41873 14.88180
-16.98133 -72.28151
-27.91714 -125.15994
36.60312 37.64507
59.56663 156.17500
-67.67689 144.67522
-0.32730 114.95408
-49.91867 -3.15321
53.00652 59.75985
-6.42459 -30.28665
-60.09012 166.82366
68.09271 76.35931
2.71765 60.32273
-7.55430 176.88992
43.71969 -115.33064
38.13768 -176.93910
-0.25275 -133.82148
-4.58705 -31.09386
-9.31136 -143.17878
-11.88180 -27.81035
-12.46705 22.76021
-22.92291 142.11378
14.93355 102.69283
4.62076 -74.51655
3.48018 125.38243
66.95508 -167.51142
42.32045 -166.96280
-29.33718 179.46664
-7.03823 -76.10694
-0.83443 -102.63266
52.80182 159.84051
72.87928 100.27659
-26.63883 -27.41828
21.80766 -96.18837
58.97880 72.43244
-41.06290 -75.58452
-1.85603 49.23644
58.51306 -142.16054
41.35313 -51.70352
34.05242 -82.49523
15.60022 -122.86672
43.68131 103.87915
-56.66596 -133.27299
26.75242 146.02267
-16.70383 54.15555
51.46356 -130.41675
53.65256 -156.78713
-33.97524 -12.67861
65.66476 -88.76613
19.38912 120.41497
8.99618 -144.85762
-32.42749 44.23462
-7.68418 -54.76579
75.12468 -172.73046
-49.32130 3.01876
-47.36120 161.02422
6.63109 131.32268
75.07160 -22.46193
29.12059 -56.90369
-10.67834 140.83443
-0.15620 147.77356
16.64867 146.19323
67.44463 128.17932
67.52104 -101.02672
38.14692 116.64615
7.22555 -89.20628
-41.98903 42.35178
7.68399 -7.44591
64.17343 -140.98302
50.44090 115.64733
46.95237 -105.80492
-12.22943 159.57966
47.99196 17.96409
-7.27848 -171.24152
55.71914 160.02406
67.31733 176.04040
52.95877 -112.74993
23.20482 -16.85698
-40.03781 113.48226
-26.04871 66.32452
11.73870 30.54909
-7.13167 -86.96285
22.92258 -144.25681
73.80236 69.57834
54.70407 -37.68873
25.87464 35.13516
-0.80978 146.80418
-3.84854 172.43127
-10.36166 73.82594
-65.47119 2.57600
-1.41653 162.52762
27.38030 26.36070
-29.49104 107.64476
-9.16379 -80.71213
-15.65947 42.50506
-10.31872 84.76436
65.56755 -110.41177
-34.20528 -44.79593
56.37166 131.92316
-19.53750 -132.04744
-71.39439 162.20663
-32.44437 -74.74227
-0.99888 155.30741
-35.74900 129.14068
-47.51110 -143.90795
44.83901 -71.44309
-50.63320 -57.92431
11.95942 -116.19161
-18.81431 -33.32554
-52.24069 -125.14108
14.07316 130.24569
18.43587 77.88943
28.09411 50.83547
-11.56160 -56.58861
-0.22148 3.00958
76.30903 122.63373
31.02180 156.88309
-68.25735 -122.32063
40.85576 -84.20062
-26.33486 76.55822
-29.52501 94.86281
49.35831 -25.66030
-11.21021 -9.14631
-41.57466 -36.58337
-71.18140 12.59092
-34.47414 14.11554
-26.00738 -42.16933
11.01257 159.51183
-40.10427 130.35965
-5.76087 64.85140
-20.94026 46.46592
-53.52084 -62.53766
11.12561 -134.05301
79.04739 143.75967
-1.53900 -133.09751
7.06867 93.18158
69.44237 -144.49729
33.19061 -63.79143
-26.54394 88.23236
7.24641 -42.87733
15.29861 135.75382
30.38965 72.48383
66.74589 -129.67413
-6.52688 -109.72892
75.52574 -79.62617
-48.94399 -79.75310
72.04539 38.13206
7.95459 71.49335
-13.24834 35.17944
12.15167 135.79308
31.19151 -118.76417
78.66883 77.68463
-30.26403 -90.38685
-26.08368 26.18817
7.52794 68.83855
36.57377 73.53523
-14.84986 36.33995
-67.45055 118.44199
-60.69378 64.49909
69.02364 74.69184
4.43156 95.74991
-6.11014 -141.03606
-2.02371 -127.94990
59.47532 26.23131
69.55428 19.52549
-9.93125 -179.70125
-39.29175 57.68785
-37.67830 85.25161
48.01896 -83.81698
-31.17331 171.36018
16.64268 -131.22411
72.19663 76.89809
-39.84618 2.15314
22.92437 -14.62542
-55.49090 -140.91220
-80.83947 128.86530
20.82564 -39.03524
-47.05443 -116.28697
12.35835 -164.66804
-15.16650 128.00024
17.90071 -132.82502
51.30485 104.18797
30.75680 -31.87958
-13.73493 -52.81261
30.14471 172.24289
83.08242 -87.68718
49.93873 128.69122
62.67999 -30.85155
55.79642 -12.97704
-32.06653 -11.42163
-11.62696 -78.97598
57.39553 -71.73182
-52.82872 -156.18462
-0.08508 100.48070
41.13411 -154.03609
-19.55447 7.76472
-4.92336 141.61005
-15.84504 -147.90245
-66.66354 -69.46991
-36.21557 -33.88933
88.27252 45.12208
8.28273 53.84569
-49.02700 -70.46877
-18.87595 -175.44534
-36.64541 171.80357
46.62707 77.56364
65.39221 16.96645
34.09007 79.56901
6.20268 132.51426
20.70580 133.04405
-50.42264 -83.90831
37.08164 -36.19502
72.69323 67.51717
26.35737 45.63825
-28.47993 -5.90856
-51.08340 -69.12698
53.03398 -13.81856
65.48902 -77.73694
-53.83400 48.98224
39.19372 -172.99624
26.68473 176.50756
8.31966 -136.24459
-1.15764 170.38868
-67.13099 69.60758
-22.87826 -61.95082
-72.14972 -159.86803
-53.07485 -127.02174
-21.22533 90.73413
-85.40923 -109.51453
-14.75076 -97.23160
-32.25318 -130.09491
31.03168 -97.81784
-73.81371 -31.33207
-73.82792 139.79984
58.00415 -146.26575
-3.63511 15.59528
21.18933 -86.36693
-4.19142 8.66040
-33.84909 -69.62937
28.98806 -70.93099
-29.02268 -56.03438
-61.58198 -92.99239
-49.88258 14.47486
-28.49942 -148.56771
8.31788 -120.56376
72.61591 -162.03603
-38.14927 104.67201
8.50235 141.74447
-34.49250 90.11066
-19.63491 117.93506
-26.09901 -95.14083
70.49677 174.78374
-0.95247 49.26596
0.51339 -142.47379
66.21004 -80.86130
63.96855 -92.28970
-45.41183 61.00283
-48.26547 -48.04226
24.17806 55.49404
10.16819 -123.44238
-30.27860 94.75217
57.37138 1.31682
-52.17417 12.91376
-12.53039 74.57700
-56.26484 -27.54859
-58.54761 117.55925
29.92602 -169.25866
79.49013 110.89804
-0.18054 10.06217
2.70030 -1.51986
30.60100 161.29885
-46.77195 -167.66730
43.89343 -165.71143
-40.90683 171.88522
40.43640 156.62236
-5.83721 -0.61923
19.46654 134.09805
-26.00181 147.15433
87.48772 -23.24294
-23.07872 85.97570
17.54346 -79.12380
28.73835 165.17218
-44.44387 -145.85314
21.05811 -42.54792
-4.26333 40.73879
-29.61110 137.09619
47.29796 148.60489
26.79611 108.02944
28.68544 -163.92941
17.69428 9.91238
68.95968 175.65837
3.98943 -128.22516
-26.36301 -48.05155
-32.29988 150.23423
-52.82958 50.69921
1.43518 141.46221
25.65186 125.08778
-67.35757 30.49934
-31.16176 27.16693
34.66389 -132.75326
-47.76267 18.22603
11.49393 -18.70052
27.10930 160.00306
24.94962 87.57431
-26.87706 77.23655
-0.79506 -58.38679
17.28661 -12.48980
62.82912 -79.72095
-32.44019 7.86093
-10.31624 130.02936
-22.44037 -107.83032
53.25669 -120.13239
-38.36719 64.53233
6.04339 142.12552
-28.20322 -110.08143
82.35398 -80.15060
57.31723 165.15547
-60.21487 11.47853
-64.62511 37.59203
-2.10649 173.15235
18.52537 26.14743
-8.46853 -154.79597
2.46447 -62.46444
12.27380 49.24018
57.12440 72.55712
16.69695 -178.92169
2.81486 77.10128
-7.74929 -33.45250
-46.94785 -8.13263
-24.38975 23.95559
-46.38636 166.03468
7.88734 -21.37706
-73.73837 -43.11652
-15.74600 25.63647
50.72719 135.03635
2.68123 128.96995
5.77143 13.58306
21.41101 -55.26736
-13.07272 -91.94492
55.51914 -58.87812
4.82435 -70.10271
40.74056 -20.16151
40.17451 -146.87708
-36.99806 -54.44137
67.46631 -83.26902
-48.24392 96.52300
59.57060 120.12380
-51.28290 -107.93760
21.03131 -97.22775
31.65170 79.37355
14.07004 -14.13061
7.91279 -127.38229
-66.29646 27.87153
-43.71728 114.01713
47.85989 -112.58118
-28.66293 42.15765
-21.00360 76.85737
-18.94473 -154.06063
-33.86446 51.38451
-66.72005 156.46330
-25.08584 134.64594
-15.57873 -56.62242
-19.52754 -70.47160
11.34901 -30.21699
1.24823 143.97417
8.14162 5.45389
-28.32573 105.02043
-59.21524 77.39501
-61.58716 -35.45189
9.62387 2.79659
-18.56845 -64.34628
6.65393 34.60964
13.76417 22.64108
0.22443 -21.80558
-86.83685 21.42277
-43.49630 -156.73641
-3.84138 83.66617
-5.02899 -6.00457
-10.55454 -15.14119
-24.35734 74.08968
43.80663 -93.51128
-8.76663 -22.32942
-10.40947 -162.20086
4.05346 -62.85838
-10.78373 90.16232
-41.45258 75.26654
45.43961 -39.63137
2.39366 64.98081
-34.77131 -117.91704
-83.35471 123.19131
-61.57298 31.87528
66.24864 139.80368
15.50384 124.14574
26.04611 20.86414
34.77561 -9.07135
-48.09545 153.64360
61.37740 19.78470
14.86117 18.68421
-14.33879 66.46882
-23.28501 -140.54275
-31.25042 170.12556
-35.22927 154.88324
2.38934 31.24172
26.81983 60.61457
-15.17632 -72.47815
74.01458 -133.25925
28.22573 -86.75146
20.04561 47.81405
-18.69172 -115.21541
0.72856 169.60798
23.66786 131.86571
0.09846 126.32776
43.96803 -162.19628
44.41457 21.47058
15.96150 155.43843
31.25892 -137.47393
22.68998 35.76493
81.74375 48.03167
7.51378 71.06362
51.55817 125.20124
-59.28604 47.34751
24.68487 145.92549
36.37766 7.34422
32.63398 70.60764
-8.14492 -59.12163
53.37154 -162.77173
74.59411 151.32088
-52.86241 -26.00094
-26.92216 -59.31538
33.46933 78.97461
27.30778 82.00185
35.63151 175.09912
9.95187 6.02243
-59.92652 -7.13686
39.53977 145.95805
30.09520 16.79731
70.89387 18.44661
-19.63024 101.95169
-84.90479 171.34626
-20.89297 -52.72617
37.71576 28.47327
-27.92678 144.74547
-65.40049 140.84615
-6.56400 -137.59932
-4.60397 -127.92829
-46.67699 176.52812
-53.84188 -99.54886
-9.96535 -61.47658
54.67188 -145.48792
-7.94040 88.31912
58.79023 -122.94987
-48.91158 40.04892
-65.33823 53.79800
-65.24871 -88.53400
21.62785 -137.03026
22.08494 149.05206
-59.76878 30.90011
-7.65986 -143.26003
-11.66383 -33.33894
-29.17226 85.09413
-9.49123 118.39332
10.68765 36.55041
-49.16924 83.28918
-54.54441 144.04268
23.34431 -77.07896
44.87160 -57.93073
33.97177 -49.49896
-4.99760 -112.60294
41.16064 -44.50988
-7.62619 -13.53751
-36.73918 -153.52872
26.12231 11.40287
25.54711 -78.06455
-27.23558 61.50003
53.01039 -42.82456
24.13596 -149.14335
-17.75414 3.02043
-1.34240 155.01101
21.81445 -5.83475
-41.55549 127.93016
-6.49704 -112.98583
12.40851 14.80213
-76.70304 152.47609
-54.54078 162.12809
-6.69404 147.45728
-18.25587 120.36473
61.20164 -72.28138
27.56077 -137.87004
27.86524 -127.38908
11.81373 21.69575
-43.26574 -39.21518
9.02493 -50.42469
-67.78249 149.73873
-19.57659 -125.90442
-56.25483 173.05593
-56.50254 51.35059
41.95897 -178.22511
-9.13393 -147.98188
-15.23966 -79.73828
56.43298 29.21888
-49.15769 161.25483
30.37016 -179.67116
24.02660 29.91594
74.43300 147.74311
40.24654 -133.53464
-47.73130 -103.29060
-82.63559 -154.39687
-35.08203 142.25513
-18.49551 -173.50919
-47.05538 15.47614
-85.00468 175.11169
36.57035 -148.81652
56.09116 27.48874
-33.62703 63.18546
36.24074 -159.60463
36.30684 108.01187
-57.78839 42.21654
-0.22311 123.27480
53.05441 -60.02031
-26.47974 -82.91270
-11.61118 -139.19217
-68.88254 -116.03710
40.93019 -10.05405
37.10064 -73.65538
5.14917 -28.13134
-21.53464 73.54850
-2.84693 -39.51166
38.01333 -117.62340
-39.33219 88.84933
4.46213 -108.16963
45.44915 -40.67937
-15.69414 63.84153
37.15677 -167.63878
6.05684 85.61379
36.18325 108.95815
1.21427 -146.90029
23.79879 -60.66701
-22.51519 167.79447
44.59001 64.52590
-48.46797 -71.83210
-3.94860 -46.63992
63.34482 -162.04010
-13.06598 -116.61924
10.64508 121.73400
-51.69600 164.44003
57.06803 -81.15599
50.33963 41.72848
-36.14246 -106.18085
33.09174 -69.56122
26.75598 -95.89943
1.37616 -61.71358
9.04312 -169.60804
63.86179 64.20379
23.10215 -19.35266
-58.14047 -125.52982
-12.66099 169.83874
11.91327 107.87594
-14.26252 -140.28838
-71.18784 54.37482
-48.53054 87.37895
39.32125 -95.78217
37.07804 14.99956
25.73529 -63.60610
-14.29335 -84.93066
6.60633 128.52956
-37.04946 -52.29940
-75.20392 -172.93301
-56.25746 -81.80898
-5.44025 -126.51021
-36.47852 -167.45567
13.97387 -68.58121
66.33112 128.61737
-5.77127 -8.39097
-45.74531 -164.91842
12.66156 131.13185
-31.39349 27.46824
-15.32736 27.89973
-0.12251 -92.61641
-0.04312 -171.03447
-0.57932 -128.20277
49.63853 158.63410
-26.63148 57.82286
-4.66098 13.96440
11.00436 -114.99188
63.12514 122.62293
27.70665 111.03308
11.49518 123.11032
-37.21304 92.25743
-27.43037 57.79803
-56.33411 36.57330
-13.07978 108.31842
-40.13597 126.07014
-65.96898 -52.57511
32.10569 -71.84285
-40.77101 -64.18542
-36.27501 60.65141
-59.73567 -148.28603
77.48127 146.72987
14.70874 80.70107
65.06267 -46.75918
-52.47782 -163.69389
-28.49665 -45.00253
-9.22769 -179.98934
0.54247 14.47578
-33.44759 -172.50566
-43.35636 10.05835
-54.89726 -11.40737
9.63645 -16.54591
3.44822 121.93977
-7.02060 112.77244
21.12878 2.69742
51.68128 91.93357
3.64618 155.66780
58.01697 111.39774
-58.67250 92.53966
-32.35384 -121.25036
-20.11265 140.08302
-29.39787 161.94213
7.02657 125.68851
28.19284 -109.73568
17.91232 79.95225
-30.46529 122.24040
63.39980 -37.64338
-2.64354 -27.62346
13.63867 -25.97355
-44.64330 -31.51749
32.92738 96.63514
51.22563 137.29178
12.50805 -2.25015
21.06436 142.55963
19.62982 -25.46417
-7.82142 -47.71382
-17.08692 118.55155
21.11415 19.56734
-13.00543 179.78977
50.19597 121.34855
16.80803 45.78690
9.27059 -177.46999
-18.12032 -55.11662
-9.12793 -28.71716
-34.38389 -68.83191
56.00546 -57.30825
1.17670 -140.93885
-44.62281 -17.37984
-66.18677 -9.03772
32.64115 126.12735
46.06320 100.74381
42.04520 -43.51411
-64.09916 179.97626
-84.49193 38.66299
-5.90760 99.61165
30.89014 147.68371
24.31429 -2.43251
57.65329 -81.62006
-0.17225 -104.67566
-46.53392 -50.31875
-70.10892 6.71876
18.84948 -35.59380
-48.50978 -177.06287
4.23720 -12.02616
37.36068 -7.02462
17.12241 166.64644
45.86744 166.95543
-37.30420 -16.02547
-61.59625 174.82884
60.16225 -34.43905
82.86026 -141.57449
31.30907 -138.53467
-7.34699 119.03709
29.00413 33.09220
-65.11065 -166.99728
-31.49195 -29.71879
-52.01149 -60.08164
-26.11694 -149.24624
44.99603 26.18527
-12.47427 -125.60617
18.95459 -69.84647
18.68632 -10.09889
-28.61118 65.95181
4.17564 88.97326
-4.94252 -161.44084
0.66828 -151.40370
-56.86892 25.84595
8.01797 115.71671
0.87204 95.67328
58.33617 80.06837
0.93081 -127.70383
4.39762 -63.17643
40.90267 114.76674
39.12690 -95.74509
25.02963 18.43387
47.19068 -49.37752
-53.49646 18.28832
-19.73630 24.24641
-23.33396 127.64542
-27.26959 -73.37687
14.92660 -113.32749
-41.70267 44.23869
13.73376 -122.30778
7.05565 110.10212
-51.20495 105.82794
-20.83062 167.43632
53.79484 158.31033
7.42019 -24.13325
-1.43261 -127.15536
25.70331 -4.76418
47.51739 -142.27869
45.56072 40.77612
10.34226 105.66332
-26.14315 77.70590
75.39803 -35.11156
37.77342 71.08605
54.45993 2.96263
-45.01848 -45.23394
-37.23657 -120.06364
-22.93961 -137.79980
-39.09827 83.20726
7.83715 121.94680
6.59774 101.44377
-4.98730 -24.87132
22.95285 145.44256
33.79150 27.48669
-16.72408 28.45213
61.22566 -22.87256
-30.89341 -26.90120
-9.83715 80.33408
27.14198 -120.87798
-10.61730 -4.68536
-38.05749 69.52305
-35.00701 -129.43597
-38.87881 3.48085
-27.78989 73.05796
-18.36536 -12.02287
-54.00665 70.99471
-32.00276 99.84290
-20.81416 150.32006
-33.04182 -124.36825
0.83533 -116.02124
-22.04883 101.54724
30.18668 40.23598
62.63395 169.64788
24.18355 28.80352
-69.28026 128.43934
-24.53897 22.22004
58.81852 169.93302
-28.85957 66.34488
40.41025 -26.34288
-64.98053 -128.56792
-22.14595 -74.69805
-48.66700 126.58068
-31.97134 84.64420
-6.55590 -103.25916
29.54204 -38.81439
-50.87918 23.16476
36.09357 -37.62120
18.52292 -38.24874
46.13796 -58.36086
52.55077 52.63807
31.54242 144.03386
-16.80550 -161.19797
-30.84815 -125.21236
30.25017 111.79142
0.94059 -159.51531
-60.88280 -28.29047
-62.15526 46.64874
20.55557 -105.01059
60.97736 123.79904
-15.39682 121.24732
63.59908 104.53244
-47.01919 85.09824
-12.72519 -128.27124
-29.07734 -26.70121
-48.72877 146.78413
72.90103 -141.02609
-27.99870 39.40255
37.89047 -158.35784
58.75432 91.51521
-41.40995 43.34162
-13.96423 132.87905
4.09257 -133.91384
-8.23339 140.71168
-29.45392 90.92238
3.05133 96.17546
77.21727 -175.46644
-30.16359 -73.80537
72.99571 170.31833
-6.64616 -100.34165
-4.00929 -32.05474
51.34811 94.09169
79.30626 145.19156
-7.60604 130.07235
-34.93314 13.99639
-48.80031 168.19830
50.90978 85.04087
9.28865 -107.85511
64.18376 112.16724
-33.74800 -172.66435
46.80013 -35.21683
-30.66822 138.52918
-53.01938 -46.99348
-69.58613 -136.55771
-41.58377 153.15724
19.57224 -98.17551
-9.13558 138.82520
28.27151 14.35433
83.43406 -23.77737
-51.74449 110.01658
-63.46105 -58.44029
-31.66822 23.88856
38.75881 -37.40000
-36.40692 -52.76021
49.08961 -27.25975
-66.69803 149.34079
-14.96246 116.77505
-1.12637 -66.16522
30.19134 63.87027
28.48785 -143.83696
-47.48160 -35.16103
-28.56510 -7.57282
-23.62299 32.59708
-1.85613 24.99553
2.22476 -34.20374
58.36730 14.32636
46.59761 -164.18898
0.25025 -84.32156
-43.31641 -73.99244
64.92100 96.44175
-52.59084 135.05611
-57.10836 -6.32634
71.86554 91.43080
-4.61239 -129.63357
40.77221 -173.62915
34.14445 -142.77685
16.83046 150.44837
-23.17964 -152.37911
-7.19433 163.48316
-71.30718 127.09005
32.84085 178.35090
30.91689 136.10074
-7.76974 90.68273
-75.63501 -114.43316
-20.79991 142.25642
69.09296 77.20267
-5.39423 62.54071
-33.88410 4.83381
23.15581 -118.84375
32.08161 136.81592
53.15978 -103.51122
-30.33089 -45.13168
36.06371 127.56090
-16.42987 -12.12933
31.88441 -143.26699
16.42977 -38.60702
-32.75337 -59.20178
-27.70096 -21.08268
-39.19282 -89.86476
32.40241 -122.07124
27.65482 60.95510
72.74899 98.11781
6.76768 -7.55505
-18.91428 120.04814
-31.68032 -42.67038
6.88891 129.63422
-28.70851 51.70270
40.42716 -120.01375
-12.72528 93.03421
12.63859 -2.61703
9.12134 28.43656
-1.12350 -165.76350
43.79249 140.78677
84.43175 -85.35601
-65.65274 -48.94738
-25.61395 61.17281
27.78706 -68.19433
-43.14134 -165.90957
66.64061 -151.47292
21.58469 -42.81117
-1.71278 52.45973
-36.42649 -25.31877
-20.46881 96.78312
-53.28425 -28.67358
-31.99932 118.17359
24.18488 -156.61109
-58.45126 41.69884
18.94425 63.17696
-35.19842 130.57394
-2.67487 159.75060
4.12756 -72.28861
71.08214 104.94341
-17.27913 -15.85932
2.02386 27.91853
5.11570 148.44727
4.00018 142.95414
-44.45222 -43.13273
-16.23754 -53.83323
-18.27031 70.91159
12.42835 7.04569
-0.27734 -158.80564
24.50759 17.70655
32.91353 -72.72602
-51.09484 -173.70188
-6.85959 -146.92420
-3.52373 -138.32214
24.26548 120.91081
-48.09028 16.99864
23.37064 104.92267
10.20748 -161.32053
-25.31069 71.14018
64.64938 120.35466
18.02133 -51.68609
18.37708 101.76445
-25.46028 -139.24393
-1.08411 -78.77775
15.60667 109.61524
-52.85470 137.65710
-37.62447 -40.15757
-35.97630 68.10001
-19.10126 -100.87477
-16.07207 20.21917
26.65103 -153.31161
27.62747 -48.33269
-32.38764 52.82065
-7.74087 109.43667
0.72524 -149.98265
11.41035 141.07107
-12.70049 -17.03461
15.97498 -56.32176
-25.56466 53.46973
6.57360 -50.74652
56.76170 63.92744
34.64504 -126.94177
8.20214 119.20099
-12.85194 -21.07375
11.79326 172.42970
-87.28760 97.26975
11.52264 -113.61930
42.06566 164.56299
45.62274 -77.81100
14.76969 113.94071
18.69568 -26.56301
76.83025 -90.22689
39.33866 41.03531
28.49825 41.34028
30.28933 -12.08408
40.31546 -133.67309
8.24039 87.59549
-24.67919 170.66648
-25.12718 -141.27853
3.32848 3.90595
-12.93123 1.18120
71.05788 -108.30460
-9.23133 -98.37459
-32.85169 -113.99430
78.59404 -158.01499
56.52853 -155.85389
19.01719 144.46490
-19.73671 -135.98739
16.91313 40.41751
-12.54653 -87.68335
-3.46973 -38.24169
-29.00242 138.42688
46.26901 137.15652
-35.04312 47.08876
-64.70547 51.51932
-51.85583 -148.58995
-8.00632 -27.26869
-16.25946 -25.52772
53.53752 34.73629
-0.47613 78.37563
-30.01946 0.87243
11.80265 77.51293
-30.73495 -142.46407
-11.22175 64.82697
-7.17310 -173.42437
-62.10220 13.89650
-0.21640 -53.60917
-0.04781 115.61289
-35.67005 169.89572
43.17824 -164.16828
-18.56761 -52.13997
-37.19028 80.04516
-20.65129 -79.79408
-8.05236 132.64695
30.94860 -173.28104
-32.17527 -49.60334
-19.23460 -169.03090
1.80304 -44.78875
16.65871 -129.78828
-21.73618 59.71308
-2.66449 -3.08024
-44.01154 48.73822
19.70532 -128.98173
27.29387 102.57911
-3.38597 -94.71342
5.34401 -96.19400
40.25023 -104.58347
1.22772 -92.76861
-42.77950 -42.60552
3.24225 -60.93526
-3.62566 -87.96885
-17.74565 124.12072
57.29965 78.90791
8.09407 -30.50532
-45.69339 143.81584
-47.53441 -98.84517
13.65992 -157.13941
-27.43005 -26.15530
23.90124 121.53421
16.44197 -118.22201
-81.32065 30.09563
-38.04436 97.25085
13.38368 -72.92284
-18.14393 -58.56562
40.59016 120.71006
11.83382 108.21280
9.39803 111.02695
33.90688 88.15778
-61.69894 144.09106
-12.96178 100.65777
2.97874 117.31396
-0.72687 0.41100
-57.79646 12.69267
-77.62249 123.03845
21.15725 -160.82126
17.18480 39.66426
72.03770 -94.23787
-44.80683 136.69320
-27.54760 -10.91057
-18.97150 -5.85526
19.52430 74.47714
-17.81255 -43.07741
-6.39865 137.86089
50.15085 143.46945
12.59690 110.22863
-10.69037 -78.85960
-1.20821 144.39221
-42.64256 -12.20633
28.03797 -26.58067
61.26067 149.00549
13.86844 -61.70531
65.74183 -103.11097
5.85953 -99.62581
77.93428 55.20342
-25.23381 165.41099
-28.20577 -103.27803
-57.91158 68.26506
49.09474 -177.92483
7.71137 93.46303
52.45068 -104.18235
10.12145 57.46350
-45.41694 36.49076
-18.08184 164.27308
-9.83912 -82.80918
4.29347 -140.40743
34.03863 101.87550
-18.58230 51.83676
-54.94785 -111.45258
-26.23869 -33.72625
67.60263 43.85867
13.77341 72.22480
48.30945 171.24306
21.30902 62.44616
-44.64422 175.85086
-13.24187 -19.96719
0.94742 -88.26674
-42.27218 78.59533
55.05333 -19.95298
-57.51264 32.39395
26.36281 -165.88997
57.99129 122.20243
-68.13300 87.20419
9.98532 97.62393
23.61848 0.85609
41.18253 138.03374
13.41140 12.97311
-11.45547 -110.33807
56.27959 163.51956
-7.70736 60.61823
79.62979 102.46345
-40.42552 -144.66518
7.95211 -47.35668
-51.92148 94.12765
-20.11870 -59.65387
49.03326 -152.34061
49.48930 43.04389
75.64983 -69.38899
-5.39306 -92.87789
4.58022 77.66163
-43.80194 -174.08904
21.15575 -45.73824
23.72920 77.30268
-0.32677 105.86083
72.19957 -119.52957
33.28349 -35.00772
26.24236 38.71754
-31.64209 -98.08402
-28.95436 -125.43175
-57.04622 -52.92748
-15.77424 -2.58328
23.71025 38.56435
-70.65651 -118.51911
-45.10689 -104.51261
11.69584 -35.68714
-10.80024 157.19584
-3.44208 -93.55148
-75.00393 -149.60458
3.50806 68.08050
-68.67446 -108.42177
16.02696 -156.93897
-9.56734 63.30713
17.89863 34.12595
-39.39305 178.19928
36.32315 -51.42539
-65.76397 159.65871
-15.10578 -163.73868
-25.90303 -168.92883
0.66880 114.40936
23.17262 170.66073
51.71087 -140.61824
19.67690 -60.50263
2.71538 -92.19219
-36.95033 -111.63443
-7.18150 -135.61237
-50.99741 61.65267
28.89970 10.04265
53.43548 -116.70637
25.19662 -105.27729
-27.00357 -94.75468
48.29252 -140.05800
-23.15887 -9.70010
33.20847 -7.01804
-43.31060 176.70940
-4.56354 84.68497
-20.81892 -43.23042
46.03942 -101.92532
51.64636 -123.28939
-27.93146 94.56331
15.39555 22.71450
38.36436 -138.98795
-26.20105 -107.29261
-48.57697 126.74980
-36.16039 173.17188
-6.36581 -41.89456
-31.94657 144.80881
-8.82657 -98.22390
-9.43138 40.39050
8.90751 131.15107
51.80104 149.95318
-8.40618 -148.84375
-59.57667 -90.45358
-12.43020 25.70522
16.59089 -143.56335
43.62835 84.57278
23.27870 131.46710
-13.63551 169.59736
-48.94761 -65.43439
-29.94437 67.23644
-59.79285 -55.87371
-19.61467 65.63947
41.09709 41.15305
-31.29854 -148.42639
-39.20748 -133.29246
23.61309 83.17862
12.71790 109.51719
36.44883 -122.03437
33.90427 70.53750
43.23227 122.04658
-52.03534 58.05700
-61.71924 63.45706
14.11524 -56.23596
-67.94674 -15.46881
-7.91618 55.93689
-1.59902 -52.94469
4.42542 43.16357
-34.24282 -88.84554
20.07174 150.92144
-45.85379 -132.98210
-21.46547 -143.59182
-0.23140 143.57441
-29.50511 -161.20230
-44.35799 124.96728
-70.12525 48.01888
5.62880 -159.15673
-8.45105 102.13977
-2.94059 -72.19716
31.34260 134.97674
-17.69256 -105.32852
61.02627 63.01922
8.45674 -131.99161
-11.24694 -67.77969
62.81344 153.86264
-6.19914 12.20097
74.50710 -19.94210
-31.05089 97.82312
-10.44400 48.15321
28.62691 116.27157
48.33113 -89.27393
74.25289 -79.16953
-23.99243 103.99601
8.50069 -39.39373
39.76777 65.65228
24.87237 113.73521
-11.08805 66.65752
1.15534 -157.25232
60.25656 -84.78038
27.28909 -88.15259
76.64068 -153.37366
7.48523 5.74854
37.14691 -73.90395
4.39607 131.45723
25.40321 55.37860
-39.25223 -2.74827
-23.90641 116.08578
-25.88558 -42.18902
11.47587 1.37157
23.71356 174.67194
65.81513 -161.88276
-66.81852 -125.98976
-42.31488 5.20089
58.19164 -49.49399
71.10323 -59.09545
23.55849 105.25954
58.30065 -150.89902
30.64756 98.18697
26.70281 37.88468
-49.07991 171.81978
33.52152 -36.80992
48.36853 73.98371
34.18863 87.81798
-23.18221 60.47741
-7.77810 3.08796
1.90662 161.91125
24.85729 136.22908
-52.24927 -110.89707
22.29884 -29.60005
79.86048 -74.79616
-9.48233 58.23519
-39.12317 30.99900
-78.39627 -31.32227
26.57062 68.81350
65.43830 1.50346
-44.65543 -28.08276
54.36130 106.80611
-4.54045 -38.34626
27.37051 68.38628
-3.49777 86.55383
-44.98131 -97.97635
-53.41550 -16.86749
-22.20414 12.40846
2.89438 103.10505
-65.56258 -98.22995
39.74270 172.70791
73.07596 152.72150
-33.42920 -60.07608
47.19094 -119.45086
-36.66410 148.49931
-21.39143 174.56418
50.82249 -1.54699
-45.44664 -9.85537
-65.07031 113.46487
-2.01969 -120.61556
-21.88085 -103.08499
35.85069 -149.80209
48.35874 -155.91598
58.82963 -153.78689
-14.68264 -10.89506
-3.25873 23.32978
-14.01311 171.70177
-30.03091 177.55457
14.95967 -125.30789
10.40279 141.61879
-51.61283 -39.00508
-29.50119 24.56243
-1.61857 36.98894
29.26654 125.65051
-8.54618 -81.47663
-22.48436 82.72990
-45.40731 -71.52846
61.03213 -6.43205
-43.79502 -93.65059
72.22469 -160.70512
58.35663 -7.87558
22.48881 103.73239
-23.14465 -15.86583
32.84374 -66.62001
-19.88795 107.37239
-86.27712 -128.62497
-3.97772 133.79193
-70.65063 18.06932
5.47095 -167.46513
-56.00203 -145.53162
19.69632 41.86389
-4.43931 -64.78198
39.71988 -29.51623
-24.21660 25.68687
18.75535 76.12549
-12.42706 -35.22925
-55.81903 98.48313
26.80764 60.07970
74.80084 -44.49742
5.13843 41.99314
63.10766 -136.72353
33.03450 126.24682
52.47813 97.52754
-46.43650 179.22956
48.11004 -27.75713
62.80829 -128.95279
9.27087 166.52749
-26.51622 58.56548
-47.55989 11.75318
-50.83662 -8.43519
50.80149 88.91228
75.66650 -58.51378
-44.46841 -28.00212
12.66393 -176.29566
2.87929 68.30395
-61.11165 147.47196
-38.26590 -73.43484
-7.15196 -157.64135
-42.37270 -100.24553
-0.70658 -141.19397
-4.54723 173.09426
32.48362 -116.58815
-29.87319 -66.80723
33.38800 -11.40490
17.64510 -148.89961
-32.93101 38.97436
62.02003 92.48048
-29.83750 -76.07755
5.52135 71.13517
22.74581 -149.14546
-62.79800 105.07085
-74.57425 137.28569
-22.03873 -34.35605
65.81665 144.99930
-42.21202 40.73453
60.13332 132.78409
-62.93718 48.67817
6.17058 -137.51504
76.88041 103.44621
-77.49022 43.73728
19.78028 -96.49981
-54.97316 -24.66061
20.39399 -30.18216
26.60344 -6.22747
7.34067 -110.05369
59.80602 -119.13570
-61.84548 -14.50283
-12.51922 89.94198
23.23061 93.82345
8.44832 141.51839
-39.15163 -4.24983
65.05348 -117.67762
-82.56885 175.37135
-15.45897 -9.00879
-14.37894 -121.63616
15.41771 -175.45274
59.62900 169.20486
30.93794 84.24525
-5.91467 118.09168
55.88081 9.48514
23.68855 -170.67477
17.88009 159.03984
-45.87334 -34.75668
-4.86917 4.75789
-62.70199 -106.81835
-47.65156 107.76236
53.05462 -179.73555
-25.34041 34.61058
-45.33354 99.43993
-24.99964 114.62418
-66.86610 -75.33789
17.06579 162.46029
-8.33036 -16.85220
-77.90203 166.50641
38.65853 29.00077
-15.78869 115.34775
-0.21982 123.84025
28.31483 71.14225
6.52020 -57.90304
4.14616 -86.63607
-21.34753 -122.97454
33.62859 -113.43940
31.07659 -38.90470
-67.99462 -173.03252
19.04833 -137.20515
26.29861 105.30468
44.41756 36.26198
-15.39081 -82.46928
-22.82142 -73.11920
-34.54346 36.62638
15.93280 80.22584
-56.99334 -168.04531
-69.03525 163.10192
74.40218 -19.00599
-26.57992 -131.74894
58.24302 111.57351
-11.17114 108.81023
-33.73635 60.17047
41.69790 -161.39349
7.18809 -145.71318
8.09049 -83.65658
0.69747 -131.49215
58.85863 9.69616
36.68595 -78.57595
-27.85435 -114.74118
-12.20407 126.38273
63.49988 87.02365
35.26986 -134.82116
-36.66340 -104.66024
15.43620 -177.61394
-54.75898 -144.45274
-5.08480 -15.72603
-3.61566 -167.16326
-36.23923 36.98845
-54.16411 81.75342
-46.71656 -87.28883
-9.43161 176.09051
-37.02556 43.78449
28.01425 -122.62485
-9.04647 53.45475
-12.92925 -54.95264
-30.80142 -176.83096
24.70803 17.34582
72.84464 21.03938
-58.98298 64.57218
15.76384 -168.88979
-9.36181 143.61826
-0.71280 145.01833
-63.78514 -95.49397
34.18021 6.23343
-24.82297 -70.34275
15.98768 20.18799
-21.20513 138.35391
-49.18701 -120.24895
43.00257 83.31393
-10.85944 -156.01412
-17.06833 102.58832
-6.66637 -178.37643
-28.23335 -76.80065
14.57509 -60.86878
-36.29520 -108.53573
-49.94205 72.59029
65.16981 118.94885
67.36263 96.02071
23.32517 135.37362
-17.43627 -157.29401
-36.75227 -59.78193
-45.89507 -162.66467
-55.55519 -153.33085
-6.82057 -8.02954
22.66222 101.50696
26.12685 -78.96999
-12.94489 172.62122
4.53278 -27.02695
50.19010 -14.69830
31.89445 -42.44479
35.30807 -178.32069
65.26164 -34.76628
-32.39226 -54.03858
-57.16495 -146.71826
-32.66964 -129.29470
74.43748 47.12655
-62.49570 -151.88760
-36.05163 109.81790
-2.69619 54.17013
6.26348 94.29510
30.22947 147.72520
-9.94947 12.41456
83.02792 -169.68244
-45.60551 -122.58149
-53.49321 -32.58064
24.78629 57.56178
35.59299 14.24098
70.01621 -100.72630
-12.19123 99.31740
-67.22166 -64.40657
28.32067 -5.30211
21.79306 165.95337
-34.78181 -48.64294
-62.89895 106.20789
-76.55136 -128.55718
-4.83532 131.39110
42.54758 -178.90556
5.37962 167.39775
20.65710 93.54709
36.25638 -19.21153
67.54043 51.11464
40.34489 106.39408
-78.99857 -73.86629
-11.84213 -14.47917
-52.21409 169.71214
20.78441 -174.80309
21.56507 150.98908
