3200
-37.01883 -30.59870
19.54525 -160.57379
32.24576 57.65261
8.02127 -17.04919
60.02012 112.19719
27.17308 -104.69971
73.01823 126.09306
45.36724 170.47718
15.77096 151.80731
-78.23948 150.98178
-64.27891 10.92915
-14.82297 -27.48461
-71.35801 -145.48875
32.80795 147.17065
61.93413 -81.79818
-20.44330 -120.63694
-66.49513 -25.69390
-17.63243 140.73182
36.10696 168.13112
27.16084 12.74800
64.50670 59.64590
37.48743 120.19600
54.30492 137.49473
-17.57732 -71.86183
28.62352 65.55841
1.04160 -39.78928
18.33802 -26.11802
-39.11116 91.88920
-2.89465 88.10961
-9.43425 145.41499
23.61284 49.60961
8.51694 -155.03506
32.31212 -45.19919
25.59042 -179.23238
27.59586 166.84975
-29.23711 136.42501
8.39045 -72.28097
5.08928 95.60161
-63.27831 131.82597
-58.60365 89.66381
59.06055 -92.81011
-21.11563 172.03050
39.00815 -95.44893
2.20362 76.80816
50.74664 -115.00348
16.49265 -133.06166
24.97939 118.84255
16.66261 172.18534
43.41883 59.11533
-20.79712 -92.62697
-29.33085 -112.97797
19.69844 -77.16088
7.34723 132.94014
-37.06654 54.92831
41.25284 -42.14303
74.52739 -8.92137
-18.88376 109.92500
-59.10816 -92.82242
7.04315 -3.80667
-20.14202 131.15199
62.37642 97.40047
-4.95742 45.16350
-23.16885 134.67161
-33.47512 93.15380
22.29716 24.93017
-15.73817 139.18989
37.22587 -149.83465
43.49543 161.54042
0.10228 119.76821
10.63321 68.51164
71.34761 -82.81281
-43.46681 -110.11966
28.80925 -68.70642
-48.98194 77.61930
34.38348 160.21526
8.79360 -106.27494
-38.94165 -19.10416
-60.44386 134.02533
-15.28552 -147.99924
-49.73042 -143.07996
-14.36420 160.32409
24.43280 10.72986
-14.03777 140.15981
-49.68747 93.48106
52.56987 -112.98259
81.89632 3.28733
8.08367 -169.22921
-6.60726 152.43967
51.20789 -36.31749
59.24784 32.36631
19.04652 -160.48220
-41.55886 -1.31198
-2.10878 179.77067
21.08486 158.86181
55.21232 142.42583
-10.39742 -120.64195
-82.34827 43.92022
29.94293 -11.95975
39.42602 -179.35883
-51.31424 -116.29082
-18.24665 -163.86204
-29.46753 -141.10369
-33.86770 -47.95211
-2.11269 108.33078
-24.09689 8.49914
7.45479 -117.26011
36.52103 -17.51237
7.86746 16.42782
25.00135 -12.91683
-4.06830 -48.40985
-23.43265 -115.76602
-54.93065 13.93776
-36.84660 -62.14530
59.63467 87.39829
2.76718 96.86641
58.55924 -111.85948
49.44831 -137.25424
-52.23037 119.08476
41.93987 -155.19744
53.08250 58.08957
-38.47915 129.03662
-15.08562 -64.16697
-3.94215 113.67603
40.18121 -165.79453
-5.53247 64.13442
-26.47539 -77.78297
-42.15688 -63.25762
-21.94008 43.98305
27.45287 13.87140
25.66519 55.83110
-41.24914 136.74542
25.10580 -125.25677
46.71554 3.21806
42.72613 -162.61821
53.49587 41.17347
-6.81223 142.88969
56.55387 171.30958
-40.65609 98.77117
72.65232 -1.73916
-13.73770 171.66288
-12.01017 42.01436
12.70776 -93.65056
-38.53507 148.67894
46.24396 -13.47312
27.29942 14.52621
41.00675 -26.37402
-47.20745 -85.71352
12.86716 142.71338
3.97903 -6.39783
17.61399 -88.84493
-6.87882 -32.45263
21.52034 -58.38193
-5.73300 91.30824
50.90317 5.24555
-31.98948 53.44193
27.63058 17.01261
-48.57350 -159.19196
22.53398 -89.01008
-15.53857 -89.88700
31.60517 22.36633
-19.06932 -91.83633
-24.98883 -144.63739
18.84537 -17.74150
-24.06824 1.46099
-27.15015 -1.48603
79.76920 68.26136
54.27515 -6.62934
29.26476 -7.17594
55.59234 171.29904
0.46278 79.65952
37.22055 -29.02488
-22.24787 -4.52369
10.28657 -30.02135
-41.40357 -41.48326
-26.31159 12.24837
-47.04182 146.41296
33.47287 168.00897
0.13000 -42.63399
40.79311 119.42724
-57.39920 4.46849
-32.69376 83.13258
-42.92795 -24.37339
-4.07097 80.21884
75.94056 -53.99169
-32.26527 -33.02086
18.02684 113.09536
32.39242 101.10429
0.88851 2.27984
-27.68856 -83.62659
-49.45189 -178.63272
-78.81962 -30.80416
-7.78616 46.92562
71.36093 -47.60254
-45.47092 -74.15365
-29.58386 171.27754
-8.25769 -158.67424
9.20810 91.82721
-51.28282 179.20697
49.61870 -14.23189
-30.78979 48.71006
-81.36867 121.47207
44.84438 -60.82393
9.36104 -110.79393
36.45533 -71.74458
-3.25174 -135.77153
-18.98190 -72.44034
-48.12364 -159.35307
-38.27458 -88.29467
35.71208 -115.15615
-56.84662 121.35890
-5.69891 -8.31165
-16.70576 34.48809
-73.33757 62.38202
-49.58319 -140.10027
-52.62958 -130.38140
-1.11845 -27.15678
7.53201 51.33162
-11.48553 -173.23592
35.74605 -147.48375
-50.12027 176.84319
13.90092 -15.52177
57.16180 -60.19498
52.68481 14.17550
-41.61959 -56.17603
32.23762 -150.66704
35.00994 111.58443
-29.21888 -83.41797
20.47453 -74.45448
2.97192 -94.78560
-7.24385 -119.90997
-28.30379 -64.77728
-67.70683 175.72420
-63.91277 153.90036
22.60635 10.30593
-29.81749 -4.63850
10.10830 -2.97335
6.58814 98.60447
-45.85652 -171.41990
-1.54187 0.69830
-0.04013 68.95059
71.50360 -92.10672
59.96244 -164.20228
-3.05906 -60.87614
3.06133 -130.96563
-3.73796 132.41180
-4.28105 -99.36346
-15.00881 -175.52252
10.32852 -1.77360
47.67090 -155.45073
-32.31596 -2.50101
44.32607 27.37510
1.89898 -42.52095
-53.14796 65.19021
-11.42098 152.14667
-11.08692 -13.56964
-84.69292 110.83156
-35.28705 34.19476
48.04213 150.75907
-32.77740 -170.39725
48.52534 160.06374
-21.09732 -28.15804
-30.57439 -171.78360
-15.39680 -21.15620
-13.48687 -35.51134
1.42124 86.50437
-38.51483 7.82379
-31.60553 -89.77042
-21.35067 -77.06057
78.83797 -4.72692
33.02465 4.12210
31.90858 -170.52418
-32.12042 0.97272
-44.06336 78.59137
15.24580 169.13069
52.59721 171.67852
35.42367 -114.72795
-60.14634 87.02101
-31.31937 28.06711
2.41811 173.16075
7.52989 -15.40311
-63.56580 -154.85390
16.38404 104.35243
-30.33473 114.47433
13.83729 24.57967
-23.15678 95.52232
-33.65587 171.82180
-38.39519 -11.00057
-34.80181 93.06402
-3.22823 36.70922
45.26123 77.88714
14.50363 -9.76401
-10.60143 -35.12894
-31.76362 63.85370
-27.52074 -72.72009
-25.32213 115.62740
23.33783 133.65055
62.06418 2.84677
62.43233 -34.88919
42.43263 159.12048
-29.72019 -58.13417
-56.05660 46.19379
-64.80497 -173.78785
-28.12775 89.72863
51.42072 132.17943
-47.26844 -154.63974
34.81986 15.55631
9.15843 124.64065
-19.90387 26.77652
-37.97636 -99.21046
4.22781 -41.08331
36.72289 -90.27053
53.53875 -132.38229
47.14499 -50.40882
23.14529 39.13979
-8.28344 172.67038
-39.15748 -65.84073
15.63218 -136.25365
-13.84628 -103.07070
-6.93721 174.34092
1.16482 163.27676
-48.12513 96.24160
60.70452 13.49436
65.57830 -165.25445
-73.73798 -97.93262
38.73235 109.36855
-23.98837 -22.66055
-54.31720 -148.80719
17.88395 -61.62539
-7.11461 38.80507
42.72309 -113.73275
-18.42973 -44.65637
20.60578 -163.95452
-22.05141 -104.06667
43.73366 133.43652
-48.86317 101.09571
75.94057 13.01455
57.01863 159.55989
1.87195 47.76540
14.79040 115.55365
-9.46786 14.25726
-39.43493 -22.44022
-9.71057 70.25870
54.60397 125.35029
13.52257 7.31780
-11.16215 86.99598
-36.43550 168.47057
42.99143 58.30603
-75.29244 -98.87972
-46.22623 -89.88799
-0.51739 156.01004
-8.24966 3.87476
-43.86219 63.39524
18.66581 -153.59977
70.59415 -95.43608
-77.45794 39.99441
-0.29084 153.10408
-41.79830 68.72555
11.46239 -56.87592
12.37897 37.61356
-43.92556 108.92925
40.26701 99.99049
14.41146 4.57579
48.62745 126.76291
-39.60406 64.70566
21.75664 43.44394
-48.39869 77.86039
16.63568 86.59987
2.62325 15.23597
74.15457 -9.66167
-41.34252 73.48493
-27.78210 147.82846
58.86248 36.92634
65.98492 84.47419
-8.70935 -3.40185
-21.97367 -67.95435
-28.67243 -117.33307
-21.03900 -12.26832
-22.74361 -101.09251
-41.31296 59.83279
9.97897 -23.29043
47.04573 -33.41135
52.52760 52.31359
71.52190 -6.19886
16.92969 133.96063
27.31667 35.47484
38.80480 49.31421
-8.74576 12.24844
-29.20869 115.63609
24.23511 90.09331
10.55742 -102.02911
23.66930 10.33506
24.19151 -126.45460
-75.74912 143.78041
12.93225 -151.63002
18.02776 -178.82821
41.91130 151.58602
-30.35857 10.42283
48.58872 -153.40656
-5.93289 103.91396
25.43277 119.69898
-1.56344 39.74993
8.77054 124.37823
-18.54956 44.29911
-37.41393 -150.05849
-21.82795 -133.31402
65.86737 -177.50981
-28.98419 175.77691
73.79546 -81.23650
-41.21749 -65.15655
39.88781 -78.69191
-0.06180 -9.62555
60.31995 -166.90574
-18.31698 58.24685
24.68865 -13.63617
-53.18464 -28.31260
-26.68220 -111.82929
-67.61337 -160.92366
-28.79654 -90.13979
8.77168 -21.20565
16.23641 60.41351
-32.61949 14.56116
53.05969 -29.29960
58.45731 -45.82894
-3.91709 -70.27196
42.17906 129.83143
15.11324 -14.63729
-44.38231 16.23072
69.21467 -162.70212
-51.19979 33.87021
-56.78522 112.80656
18.75966 160.89146
-46.45625 -11.67532
-39.92923 -130.49151
59.45202 35.85637
-17.90919 -36.03653
53.01782 -126.64632
35.74037 147.86000
0.32674 12.99846
-51.19544 165.85219
37.22382 85.81474
59.52984 -62.87087
-27.15194 -99.59638
32.48700 178.97389
-3.10459 117.98682
-2.06104 -61.10292
58.92851 -93.37202
64.91830 18.31535
15.53578 157.19564
-21.12086 -128.65487
7.44617 -173.68661
20.40170 30.61385
-1.37255 -61.35764
-35.04502 90.82907
29.27907 172.73410
60.22365 -19.62891
73.57937 98.20002
-32.74662 92.94035
-51.89241 146.48921
-16.81294 129.70898
-54.81241 134.44759
-29.87147 -69.53711
11.08842 141.00439
-72.23376 -95.14645
-22.59992 101.93300
-22.12188 120.74253
-51.43218 106.35522
18.55505 -94.84844
-13.31406 -122.01153
27.55258 171.58106
9.63393 94.29799
-8.95652 -82.34851
-74.13026 -20.91100
11.52476 72.74930
-8.43817 -154.33007
11.79782 151.26543
-61.03271 132.24909
-85.82973 3.60259
-35.11195 -111.90620
37.69312 99.28122
57.71265 83.44826
31.78418 31.09514
-35.52061 75.87477
-1.83735 -105.64344
-27.17235 60.24433
29.27486 -10.38627
-22.90848 -107.24122
63.55953 -93.24882
-13.91777 103.65781
15.91495 -17.87984
55.29049 -59.68054
-46.07417 -144.22690
-43.13746 -106.54636
-77.07666 -149.63925
-3.74115 -18.64161
19.16465 145.12505
-14.61901 55.62020
38.42938 178.11995
81.31769 -65.36691
-16.47339 -51.63657
14.83566 113.69147
60.18234 -111.21309
52.25553 -33.27281
39.40744 155.66100
-19.12516 -40.98006
-4.23090 -17.76399
37.19532 -10.45505
-15.73267 60.31485
-3.66863 173.40502
-39.12549 -109.31629
45.29567 -31.44031
22.26578 60.84054
16.86222 -51.51134
53.01760 -50.73908
-16.27224 -89.52426
-71.34188 -118.14650
45.14448 -6.55498
-7.23149 -42.11230
-2.89726 -3.75753
-25.07210 42.87989
9.35613 -43.48100
83.31171 -100.24168
-17.56119 -0.90551
-11.38708 -96.93600
-40.14567 -43.01255
-74.61589 -11.93684
-50.62068 -142.09487
58.84309 98.31120
-12.97786 93.36046
10.76874 -100.29080
-48.26641 3.64348
36.75796 22.01890
29.67231 -74.63303
-62.90634 106.34303
68.45184 82.59383
10.37164 153.80894
-40.10730 -39.35782
-12.57439 79.76738
-9.12728 29.04759
-71.89602 118.36933
-60.24447 -122.00821
6.67513 -104.16923
-40.17679 42.44234
72.91897 134.48994
-77.35191 -147.75731
31.66668 -5.98528
-33.13746 -163.47861
-28.96234 135.41359
21.28328 -133.87952
-26.11412 -56.93089
-41.30734 -62.89347
23.34638 -47.68803
27.78155 -80.15896
13.03564 -155.27556
-8.08963 -132.55859
-1.99356 -99.69473
57.49984 -109.03282
62.16168 -172.06730
-8.67409 -154.58560
-2.59094 -4.19239
-15.32781 -6.48879
24.40912 -96.05574
30.43663 49.53770
43.81843 44.36136
30.78793 -27.76029
13.63981 61.87640
-17.76584 -128.96050
15.15499 -119.90494
-24.50406 51.53820
-26.69800 121.57518
38.59080 -63.14743
-39.49879 30.25943
-9.32869 5.67883
38.73497 150.94285
-23.15130 161.90654
74.40635 -155.22174
-44.34672 10.21407
46.78397 -20.07893
-28.91532 -129.70889
1.98943 -122.85476
64.03898 -120.66825
-33.76431 -12.72115
-50.69002 -161.14130
68.80891 -6.13823
64.94471 -44.40884
48.56632 133.29461
-24.58269 14.82184
-58.28571 -74.81560
-35.54771 -89.96551
-17.29424 -67.99679
17.21226 -40.26800
9.78560 -116.96449
-51.25953 126.90194
24.80853 -144.93957
-55.31079 44.35202
-9.75343 124.75768
71.91316 35.76958
-24.52888 179.98551
-43.86998 -177.73264
-61.86136 -137.49401
6.94677 -112.52394
-4.47591 40.35265
-72.40081 137.87600
-19.03509 -20.80468
-56.60631 -101.91529
-65.30433 -9.69055
-62.71328 65.12199
-15.93661 -35.16102
62.95625 65.36981
-26.32828 -162.50433
47.01665 92.55098
-27.69870 80.54526
-61.07455 -126.52301
80.66195 61.78261
29.06979 132.49172
-53.58454 -86.09145
-49.64067 -105.55308
6.53490 -18.24050
-8.65588 142.76831
8.09192 142.24957
-76.38734 5.44389
6.43067 -172.31056
18.34936 -23.59830
-22.30467 109.89449
-4.70695 59.18619
-3.23980 -141.63170
-15.55762 170.93406
28.16284 57.63667
-24.09537 151.64867
40.43820 34.94365
-5.88984 -46.56218
21.61944 23.20866
17.27959 -115.08226
34.84953 -55.47026
-45.56458 -162.57359
-28.97645 -54.30050
31.42875 35.22139
-44.29718 -163.24761
-7.26755 -98.54828
60.23901 -165.86364
-52.24097 121.37867
49.21975 -70.46382
-48.76981 15.93282
-9.84000 -67.40277
-8.61629 -22.50905
-8.19386 -58.26515
20.03697 -111.54776
-69.00427 -168.27396
-31.55193 43.30721
-39.17451 -75.41652
-62.48413 -92.03652
10.26274 145.56383
-13.33270 73.29431
-39.38522 -136.98454
65.89204 2.37125
84.44524 -78.07503
-0.08914 59.13633
-23.21940 -93.26704
76.24064 38.66308
-1.72647 132.30793
-35.87779 111.31057
31.11321 175.01291
38.17310 -111.46316
-41.60304 78.01392
55.41981 -0.42221
9.45817 51.28289
10.48175 116.97578
-69.98870 170.41808
20.72179 -57.50450
60.55254 -69.65494
58.96397 73.37676
-44.10343 -97.08278
34.00793 -6.11777
3.84048 50.59172
16.47491 28.63439
-32.31179 44.62160
-13.75299 41.52149
-22.16969 -8.65804
44.14753 -70.01532
19.06572 -130.17177
19.49986 54.69338
23.42199 -28.01808
44.71927 172.21678
-46.32758 -128.14097
57.23483 71.03263
56.45745 46.97904
1.82589 -144.41309
-25.99494 -168.32755
48.67643 -15.43909
-54.39053 149.62575
43.47340 178.51887
23.32926 151.90368
-26.29667 -151.61850
43.24047 173.48579
-58.71476 -65.47845
1.76585 48.10260
21.90652 -169.78824
30.34828 152.14666
-38.38341 -36.39458
-46.82234 81.55293
33.53920 -28.80347
-24.97986 -147.67377
9.34703 -175.03822
-15.53504 -162.13921
40.54555 -73.52159
36.03931 15.93857
5.47599 167.99565
20.79532 80.11959
43.71988 143.51281
-0.22847 39.56176
-17.74432 165.15476
15.97158 -8.67629
-36.62374 -87.77988
-10.58937 80.78387
35.82654 -79.60690
15.23521 -100.06822
-24.61531 -139.84119
13.45781 -37.33084
-23.84652 -102.71854
3.44260 39.74593
-36.47482 7.52423
49.32045 -13.88438
17.42910 126.05399
-50.24954 -55.31462
2.51357 -104.49696
30.48289 -58.42816
-58.01797 -73.95214
-28.00759 61.00617
48.73413 76.81452
33.30121 -79.90578
32.07636 -50.81878
17.30369 117.65686
-48.53256 -94.59861
-2.16384 -173.17446
14.03419 -123.33346
15.76793 73.41868
4.14120 168.09700
-14.02774 -23.57094
-25.65912 27.50561
13.26115 -22.14680
61.27674 50.12500
43.24938 -83.54350
-7.22481 -75.14260
-34.32637 76.27070
39.66640 -43.68414
64.04376 62.44725
49.33045 97.34837
27.07339 -57.97670
-64.67207 103.06238
30.32383 150.75387
-60.71689 111.76006
-8.15463 45.06253
-26.64937 -9.45224
-82.71961 13.16739
37.60604 -89.17614
-15.49377 -119.04241
38.24990 -73.04397
3.92236 88.24637
55.14022 81.08478
0.66638 -32.16578
-3.38458 -107.59236
-30.67392 -163.04594
35.94660 105.31319
-11.34604 -13.46608
14.57470 -141.77481
-9.39824 13.01801
-64.30566 -83.69251
20.79572 -156.66281
-6.20229 -41.55307
-0.50332 -54.41908
17.59703 -89.20558
-30.32359 178.40345
20.13121 102.41978
-39.62218 90.31663
-17.98444 -75.88639
-40.41772 179.02501
9.28472 24.37231
30.58239 -77.90614
-70.05957 -35.07340
25.33070 2.92578
24.06642 91.91989
48.47496 -129.04438
39.97991 -101.51103
-49.62749 173.77050
4.33564 -4.52678
37.26826 -29.38602
-41.66424 160.82965
-45.15632 178.83116
-26.05100 152.51547
49.45317 -97.82144
78.97008 99.72009
10.33963 -66.25912
-10.67142 57.59600
-20.77972 -89.96994
-19.10920 50.15367
23.54073 130.98710
54.69006 -169.65217
-7.76349 30.32455
-4.75365 25.97461
-29.89424 116.85414
2.12814 -21.78499
37.09743 95.27432
-22.66758 16.16564
32.90847 132.44901
-0.52821 146.74195
-12.22295 35.67248
51.39326 53.96113
-2.34217 98.57300
73.37100 -150.49714
-30.67634 92.43125
-21.85915 -69.92690
52.27351 -47.44295
43.46736 177.58310
6.30234 99.13139
-81.65606 -128.70846
-54.21009 -93.65706
-73.98343 -3.33315
-3.14107 134.16999
31.72604 -99.47154
-24.74769 -147.92213
-10.13300 157.96596
-41.65205 80.85596
70.49335 -151.53789
-41.15550 -171.37754
55.07506 -142.92704
-40.39730 96.79205
-24.90851 -26.91080
61.54087 122.15570
-73.47889 -26.25384
59.76504 149.27588
-65.76347 -85.29214
-64.55255 -25.93753
40.13829 -9.30420
4.89701 46.42361
17.35056 105.22304
-67.64467 39.00749
-30.00523 -118.77372
-22.32228 152.31094
49.43311 81.24344
-26.72279 -176.15810
29.69614 -107.91043
29.71474 -143.57124
-11.97337 -134.88146
-35.16949 7.74600
28.56659 176.38752
-75.25016 7.57458
-30.03566 29.45638
35.21480 32.33427
24.30817 20.24479
6.38608 -162.14646
-27.68541 30.96550
-9.86502 23.31887
-38.86517 137.70751
46.62110 -37.97722
-23.96359 -157.65786
61.41995 -164.96160
-35.64144 -72.74600
-24.18789 146.50404
21.88704 -86.61947
-34.38519 -148.81570
-25.72118 -86.43867
79.31798 90.65687
3.90044 176.73810
53.06838 64.93265
2.23601 -128.46780
-41.10974 -29.00877
34.94586 -140.85314
30.28209 -128.11850
42.94559 -61.64040
68.49964 5.41457
63.55407 163.60191
-10.89377 165.97949
54.02009 -111.70168
45.63253 82.61484
41.41478 -148.71138
-64.37222 -151.02920
25.30737 162.81100
-12.68393 -73.84387
-18.03294 95.56219
3.91527 92.29175
-65.72934 40.99893
-36.47336 37.18387
41.58980 -129.41689
-0.68481 35.78900
3.23466 14.88127
23.54416 162.54897
59.33937 7.12246
-40.60938 -79.65220
-24.85878 -145.78163
-26.48823 77.65743
8.28360 78.80556
33.08467 -60.03423
-9.69298 71.03111
24.27253 -74.45145
1.57675 -14.90286
44.12210 66.48630
30.81207 -106.75332
-1.52039 111.71070
-65.73784 36.17417
-0.23759 102.55174
20.47866 54.02768
-1.84622 -33.05990
-30.85389 156.97573
-3.50457 -80.40450
6.30000 -130.25809
27.60578 106.86288
8.94330 106.49395
67.45133 127.79223
-29.12555 -114.08786
-22.26741 -68.07825
28.24593 164.82413
-18.78370 116.31411
-64.16830 -41.29677
-46.00219 174.52163
6.89809 -34.73895
9.04380 -93.08089
63.37077 134.44502
31.72862 -160.15253
4.53301 153.91435
85.72724 50.05367
-59.46997 91.13856
-6.77433 -99.92370
23.59080 -179.64017
45.66665 -138.29957
39.32073 -79.58330
50.83730 -81.11498
-14.94251 -59.59846
-9.47139 2.61298
35.05736 1.24256
-53.99918 -84.11401
-38.35865 133.83791
11.76603 157.75926
20.42754 -56.52334
10.90576 -71.64644
-47.52717 -157.08576
-41.47517 -155.04323
26.45790 38.47080
6.33360 104.53269
49.96439 8.45486
33.58938 -49.27587
13.35820 157.47804
-23.91820 44.76278
18.63696 80.76629
18.21958 98.74963
-33.71058 -114.51994
-78.85377 37.91918
26.16749 166.14302
1.63882 -103.02124
-62.48392 -75.37205
-14.00629 20.95658
-38.42030 108.51098
62.19050 49.34708
-46.20591 34.37716
-13.32250 -19.43810
-61.06631 -10.93067
-14.22748 92.01342
11.24726 -97.14604
-7.33543 29.14241
42.39794 -15.38506
-48.33971 81.02253
-8.87939 -112.04478
28.11544 49.63460
-20.00379 49.51944
15.45000 -79.98098
-10.01488 134.61866
5.24928 -175.16068
38.94404 -46.99350
-6.54379 -86.87156
-31.75233 111.47107
-44.16759 46.83494
-11.99122 -5.78417
-24.41527 35.28337
-15.39431 109.81130
-48.16876 -3.22248
32.43489 -177.97499
-54.34053 -81.47425
-32.68418 165.90617
0.02286 -65.15194
0.25273 -116.19608
-17.88269 116.02135
-10.80509 -167.80548
-7.13298 -125.59507
-21.49527 -132.26023
-35.71092 89.84350
75.31815 -152.56906
-18.99617 120.94370
-80.91995 -9.02975
-12.35715 121.37272
29.60661 -49.94150
-5.85908 46.77702
44.27924 -160.40648
-61.69606 91.82501
14.99561 141.83292
31.69321 28.94122
-41.89799 -177.13080
-61.73013 129.30710
21.53632 -80.88871
60.77081 141.10014
5.86344 177.73267
16.15189 -73.94659
-6.87887 98.84943
-2.27623 -74.71449
-42.16425 -52.89574
5.77691 -96.03867
-36.19885 -28.91427
-44.64069 52.94053
44.46001 -144.91229
29.06759 164.60242
-58.54092 101.53817
-5.66747 -27.82920
50.96599 137.31254
37.14810 122.37385
36.67208 -133.05293
5.37093 69.97591
4.25708 65.13897
29.94222 168.50331
-21.77088 -148.09833
56.79685 7.40402
-6.09332 -153.68962
-19.66401 -90.45024
4.53329 80.81450
55.48093 -175.97006
-35.50051 -19.78065
-60.24791 42.23051
47.95762 -22.17325
43.19964 -46.11055
-59.09894 93.65016
-18.06468 -25.83640
5.65215 -68.35922
26.86220 118.86544
47.87786 -22.95806
25.83569 -146.43793
-30.33041 69.88488
-0.24983 78.11723
49.10595 -167.81186
-14.58606 71.85925
59.57751 -163.79936
-31.76596 -49.30315
77.26027 -42.22812
7.78993 -83.95861
-38.30081 21.53702
41.55563 -136.27569
68.83233 86.74453
-80.01272 175.91339
-72.15920 -119.10316
-44.35141 -78.51096
7.15807 58.26307
-66.86295 95.72890
57.01062 -145.32649
19.07008 -0.05646
-7.81534 -170.97319
-0.97740 32.86491
-63.80698 163.17685
4.43321 38.71527
-27.44268 -18.07373
50.14029 11.86100
3.25362 -73.93039
16.89056 -17.56134
-44.65689 58.55887
1.73641 150.45346
21.30490 -142.16167
-7.05829 -63.77502
65.60688 -0.03839
-30.80282 99.30472
40.38049 -28.87332
14.20192 2.51597
0.51095 -28.71247
21.00808 -66.27051
-11.05846 -58.93674
44.31399 136.09852
-29.21079 -31.75093
-67.59594 36.18365
24.24399 91.07132
-24.92863 -123.11805
28.99020 87.70006
-17.44980 -40.62708
22.42895 137.53310
1.12588 117.71530
-26.95484 -140.07816
-42.96058 -20.36964
-40.70964 -29.52346
-9.20003 60.85483
-60.53729 -107.44524
-38.33832 4.96015
-11.07815 165.31633
-55.47264 -115.39084
12.49928 -7.57694
-27.94201 3.16634
-3.10465 125.42378
-54.73544 90.11308
-29.35531 60.57859
71.94040 136.02742
4.53493 41.25943
-20.43621 78.90511
-53.42776 30.54220
18.52270 17.59867
53.97847 110.71845
34.05967 66.54837
-38.22748 58.59430
28.36712 -33.83503
56.92640 -61.77090
-14.20282 24.10036
39.27677 64.41831
62.24518 -69.57285
36.06268 -40.82088
19.14416 -160.53847
-25.79472 176.38121
-47.33634 -149.08198
9.05389 -83.37989
-40.18259 76.54363
27.80143 165.65755
7.49373 23.45213
-50.59750 89.01628
-2.55535 -68.92894
4.85516 -81.97800
16.96729 -78.15915
-53.34792 -32.06251
-31.52644 -128.94326
-7.11220 -172.58160
54.22343 111.43680
16.59398 -101.42323
-6.96859 51.97053
17.88540 14.41939
-51.77516 -60.47471
22.61745 -170.14413
-87.02200 33.60488
54.46010 87.44303
-55.73318 113.18237
3.36125 -46.87208
32.12427 4.64837
-60.55857 -112.04502
-13.51074 -149.32101
-26.79338 -18.17015
29.69770 160.63250
-84.53917 -111.56605
-58.31319 107.09701
46.47474 17.76778
18.61578 -121.65356
29.47032 83.78343
-7.83819 21.23712
23.06862 89.95152
-16.29310 107.51582
20.93564 39.76518
21.47874 163.15258
25.26786 85.84867
-68.22772 -26.74285
39.47934 -69.11627
-7.07075 51.92908
7.04086 -118.80096
43.47025 -175.58562
-35.61073 -179.84737
28.09818 168.90404
-37.68818 -124.63473
-28.42344 -146.78227
31.00310 -98.40020
58.60430 -68.43633
-18.43374 172.37000
39.10384 143.50902
18.10414 54.46317
20.08496 -54.13142
25.74318 -21.53788
-10.31135 -129.47023
-21.06516 -7.12868
48.13762 -126.58245
1.26748 -140.28147
72.87732 -45.93348
29.54754 61.19231
-34.52156 110.90048
-82.05633 -86.56821
9.34801 -8.81293
15.51911 -52.44402
-21.60311 98.38732
69.01156 33.49202
-22.78425 117.84702
33.97994 12.16021
-40.02060 -17.87111
32.86829 -93.81962
-15.02703 -149.48949
-46.00879 62.05254
-47.08638 101.87056
31.03385 39.06617
-44.41746 93.94417
15.82343 -95.45938
53.13105 87.42301
8.10897 -78.99339
-50.31772 -75.16045
-44.38571 -161.27534
41.89630 -163.44961
43.89529 -114.91891
75.37387 -63.90485
66.71971 -30.67770
-37.66049 -127.91103
-17.80499 110.54775
33.48158 31.39189
25.56244 -49.72666
46.90464 -92.75358
-61.26746 -119.23845
-46.87946 -166.30735
-5.01663 -178.41788
13.88386 28.45869
65.19391 -56.23203
38.85747 142.54964
-21.28662 80.08599
-21.12304 -106.36204
-32.67320 31.33577
13.28705 -172.95110
23.88350 -111.60122
4.92068 -29.92065
5.22385 0.77407
38.15659 39.53851
-2.19635 -60.42185
-8.52788 158.83739
0.56568 -5.97517
-23.89663 -165.22198
-47.36534 161.73076
-3.15072 -125.77331
8.00101 75.91777
-7.68731 150.60937
41.36574 12.51404
-32.37291 33.36780
36.98725 119.33337
-33.06041 -176.64767
20.77779 127.99628
-3.45777 -94.67783
-26.88457 7.95620
-15.07531 -62.71427
-15.41788 -70.88058
29.54897 -88.04490
38.23705 -64.79250
53.68931 42.82508
-39.88636 -84.69688
55.09515 -4.59249
-2.56890 79.86807
-4.38223 -34.12019
20.78401 -138.63925
43.16091 151.55420
72.01398 76.91144
-54.70125 -34.72717
32.55873 -74.84519
-15.76265 62.99524
-66.81130 -16.86178
-15.33273 -72.82001
11.88810 -13.06840
49.62454 -179.93123
42.07107 105.08732
-38.42425 -169.43147
-16.30109 -150.11546
26.44268 5.24605
-30.21370 103.80134
65.26358 101.84761
-14.47018 -34.86236
5.94392 -56.83289
71.22988 150.27543
-5.80143 24.52811
24.62635 71.91203
32.85090 47.39754
-6.00690 -57.84681
-50.88137 -10.49245
-3.42139 174.87824
-29.17428 38.31990
-24.65554 -103.93787
24.39930 64.15256
19.62423 -31.94214
-51.87170 -35.44032
60.46678 -93.33190
-20.80306 -57.35195
-11.90857 55.16306
46.53089 37.56266
86.16979 -73.13655
6.81103 -119.50984
29.24211 -106.54120
-10.82579 -48.72546
10.43011 127.18141
19.27193 -170.86218
-25.91326 173.94861
-47.66713 -149.60800
3.97101 102.01923
5.69752 -51.55632
-12.52671 126.98155
-0.26816 -129.51263
-30.51387 -5.32173
26.12447 -13.70422
-4.03808 -136.59034
64.69151 72.51596
-42.76629 -82.75924
24.68686 -168.47866
-54.27776 115.30643
-25.64309 -127.33318
7.00419 176.95250
3.60786 -58.11271
-19.65576 -129.05280
-45.67462 131.76834
-67.45554 119.39945
-53.32476 64.95163
21.95512 7.92104
-37.64643 104.62028
-5.57379 162.83436
-51.23987 80.04409
-27.78788 157.15416
-45.85028 -133.75851
53.51650 133.03922
29.43855 -150.37318
-65.65201 -177.99696
-14.93764 152.94959
-46.21675 154.51048
-4.10774 139.78990
58.92900 -43.51330
-52.39292 178.46576
26.45461 -161.28298
30.13171 -51.11730
22.95403 106.45449
-70.41555 -164.04093
46.57185 79.54703
-6.19191 -92.52685
68.76082 175.39855
28.47973 150.14147
30.54250 176.19901
0.18248 -112.96216
10.64563 -19.94602
-19.58056 97.03591
-0.51370 -86.54640
-7.62753 138.83889
43.17782 -31.93793
-22.44622 141.38690
36.03620 -8.46155
46.19639 -100.22060
19.81982 -128.30867
-7.90839 -51.05203
57.55054 -8.13431
12.31569 -61.41239
4.25684 -66.60093
36.12899 -156.42310
-49.63963 88.01188
-43.94303 98.76941
-11.10666 2.81788
70.20999 -120.97908
-16.46530 110.55248
66.53342 91.94562
15.28490 170.85097
16.94216 -167.51197
-56.20781 -41.33370
28.25949 43.13029
57.06129 -84.54108
-33.35348 136.64020
73.53337 43.34891
37.54274 -19.11678
1.63159 48.00657
-27.30819 105.51085
9.40338 34.70775
-49.29260 -24.37376
15.39290 175.26785
50.90607 133.84881
10.51102 14.64275
-74.87902 -75.96031
-27.38629 82.75239
20.56994 -29.98540
-51.90352 -58.98482
-75.67590 118.26337
7.95535 -139.96974
-20.12687 83.85391
37.45396 126.09174
-43.52897 171.02231
-44.27310 177.88895
56.94388 -93.57161
52.24324 -170.43157
4.19800 -32.43999
34.69400 -88.37629
20.52893 -132.11051
1.18504 118.67995
18.00558 -44.58493
-15.44764 -0.95703
12.37052 6.11074
-48.34587 105.41025
-50.03669 20.76618
-34.86652 -144.41757
-28.23893 164.98293
17.32963 -7.08087
57.90960 163.43721
-24.52108 -10.92636
51.87578 107.49181
-21.08606 -170.20563
12.33037 -142.28898
-21.36710 148.97902
10.93321 -51.38390
1.11905 -46.16257
-40.47276 63.60623
-76.60734 -4.10244
25.20350 91.16433
2.98972 3.28002
25.06780 -24.39476
1.10947 156.19289
79.74122 -4.06927
-10.49002 175.24684
20.24466 -116.13936
-8.09501 147.61518
17.51206 -107.55502
-11.59735 19.59285
-12.67306 -157.10318
-58.48489 -74.83659
-26.94816 -84.12058
22.87834 31.51933
-4.49632 -26.74188
49.62853 30.88754
-28.97944 -164.69666
8.06577 140.95800
-28.29817 0.04754
5.41401 155.79796
-66.69769 -170.55890
64.78583 166.60344
-46.10731 2.46178
-5.74084 -32.43970
-41.22310 111.33502
4.27524 -60.80224
5.74798 146.74009
50.20565 109.19816
-20.65851 34.58004
-34.68630 -138.84635
-4.15016 97.63347
22.03390 -7.56192
-14.23484 -151.48578
-10.36921 176.04953
20.66221 -46.58398
9.55333 33.15485
-28.08975 7.90370
-44.22143 61.29922
-54.23116 -117.05375
2.70902 -156.25014
41.10226 -96.32565
52.37711 -177.22621
8.60075 117.05792
44.15721 -92.18005
-52.25200 -179.15653
49.27189 -91.37792
-18.12148 44.58061
1.76682 39.09216
12.51878 -63.09243
29.98374 25.06251
74.40661 3.64109
-29.00885 -42.53414
36.29256 -112.48300
-6.14231 102.21989
37.85215 -139.34191
-16.91055 155.36445
-5.46976 -7.77931
-41.96079 66.39957
32.37821 139.56399
34.69603 1.66511
83.48817 81.10849
-17.99900 92.17579
70.17542 163.96469
20.97820 -46.70322
54.58418 -16.28875
-59.70081 153.24289
22.10245 8.49959
52.41154 -56.05937
43.22853 22.49628
69.27626 71.21530
59.23484 174.40148
23.89134 97.48743
-42.23542 -82.89255
18.41609 -119.43320
73.40741 -24.63475
-29.63098 169.82375
11.58622 125.84343
47.03035 -0.32172
18.68703 112.74481
68.97220 153.29371
77.48437 -130.37454
15.12292 38.29791
-55.08242 152.36241
38.34699 -158.81056
68.31910 -132.18132
-24.53915 150.04550
23.99011 43.37947
14.31588 -75.67349
6.43916 173.61155
67.33668 -150.12535
12.87130 -139.83605
-22.81073 -158.40967
-39.05293 56.90982
80.00483 13.00888
-59.52076 -171.94067
-63.21119 -99.43540
24.40428 8.22932
29.34585 -104.56758
-26.57781 157.20190
25.81380 139.95765
-21.17263 -56.19784
46.69039 29.33864
-17.78779 162.32700
-23.50123 169.10206
7.28716 125.40038
-64.69220 -154.15956
45.39669 168.50601
33.17999 129.35455
-0.00541 39.89766
-56.22513 -97.54762
-77.62592 47.86134
29.40526 -10.85297
69.64218 68.18294
38.62293 61.86563
71.69168 -60.46067
-1.94440 -124.67122
-57.41281 25.61988
52.82731 -152.49251
-19.34847 -75.40520
14.82874 -18.02232
-55.00971 48.65435
-29.74183 116.99042
-8.59899 166.84596
-13.18174 106.69337
26.65586 140.06107
19.99011 125.89274
35.65111 42.82581
-6.35252 -72.99424
-27.48241 25.02383
20.56031 -115.26213
10.98342 -167.05698
-20.69484 172.14081
41.87889 75.65614
-23.52976 161.06336
65.95894 174.62078
51.21638 38.77550
-72.22261 161.01609
63.33785 13.63621
-34.28014 154.62876
-5.75129 0.84254
47.40858 -97.21211
46.30713 74.62073
-29.51517 -117.57023
42.89788 -81.48976
-2.40079 -8.58898
16.01860 137.05928
66.27566 -1.38311
-4.60907 -164.02273
-27.20268 6.41484
19.12587 -177.74129
-40.40289 157.90491
55.59028 -160.41387
24.05808 42.87217
-70.96608 52.98476
-9.43499 83.01815
-67.29578 88.84276
-17.07384 156.84146
79.65214 49.55783
-23.72755 -127.71339
-22.91832 -129.06315
49.47363 -44.27490
-35.30518 -177.90574
-40.20680 -75.45080
51.77119 -60.28768
31.18852 66.49590
48.91721 9.48154
-35.18853 -21.71637
83.71721 77.75017
-30.83895 -52.97222
-4.87288 -66.52803
-6.90304 66.33125
38.02593 -58.22676
35.24637 -9.08252
7.74087 148.69064
81.00349 88.99499
43.24977 -63.21862
23.77121 -25.01303
-27.29399 117.31792
-64.39405 -33.37918
6.39337 -121.79423
23.54425 121.96008
-43.45353 120.31707
18.12298 168.97906
27.22074 -3.94445
-25.12061 116.38956
-40.19553 -134.54778
67.81380 141.66841
6.70108 -68.39784
-49.83885 -178.63651
-21.66482 -101.49754
22.30403 42.94287
18.37122 87.53463
5.22909 -160.88719
30.12372 -165.17706
-75.69145 153.00209
6.63683 -18.63862
14.24432 -79.79310
2.81215 -43.31548
-51.91343 -64.42154
-7.18626 58.36198
46.25568 147.82640
7.39390 118.61829
63.16933 -132.34269
6.75070 0.30108
-16.69112 -28.78659
34.33266 -70.81931
23.68624 58.68669
4.51115 133.44100
-54.09314 149.57751
-16.93892 95.79727
-10.19790 -3.90313
5.73049 -151.62096
63.01439 -106.70452
38.13589 5.94854
-9.66299 -44.22127
14.19232 131.23103
55.78606 13.93285
-8.15806 74.76818
-54.90197 -76.34018
-10.70331 110.98741
-65.33187 -102.00616
-10.80149 -84.62892
-48.61791 96.70544
-34.19125 -102.37278
-13.88672 96.61347
72.11163 -107.56452
-39.71686 -165.77757
-5.58642 53.64842
-37.63310 22.44256
-41.70652 91.39762
9.22964 -77.58953
-56.87164 91.50780
71.41060 102.97430
-40.52577 -82.22218
16.02934 -143.78008
43.56924 155.97610
-18.15983 -19.93590
-13.63370 -138.75814
-26.20104 49.50900
27.57360 -158.14440
15.67278 135.12623
14.76598 -38.61131
13.32627 58.14306
44.79500 17.34900
-35.80055 -54.76336
71.21542 -130.02652
-43.06582 12.93602
33.08489 -7.83325
-68.51978 0.84782
-24.98112 -9.11938
22.46766 -160.03934
-5.07484 -53.26081
-19.32190 -1.44389
46.60810 -39.38681
-83.84035 -50.74007
4.42791 -74.97671
-10.19582 -149.43661
13.94100 -121.39988
57.21127 -94.49472
-16.32482 -8.56138
-9.08842 -78.08798
7.07874 74.62797
38.19255 40.29538
14.37798 -129.89786
-18.21497 37.44738
26.81154 4.59699
-7.32770 95.56763
8.65272 15.88871
19.30234 -105.71475
-37.70514 -170.10075
25.86121 -96.75247
34.52990 14.39630
-50.22164 -107.97246
12.05056 -53.88441
1.20423 89.15220
72.89982 164.32966
43.52981 -73.16899
55.38463 33.17597
-51.31588 -53.34639
2.75010 -154.08978
-32.02193 13.37671
-66.55195 6.89931
21.61917 -162.07348
76.73692 -118.58406
-61.82488 156.30787
43.75104 13.60280
20.11715 7.73258
2.81221 43.43406
3.11688 -69.02090
33.93075 157.20052
63.76574 43.22401
-20.36514 -84.83056
17.99554 -163.87248
33.20704 -34.99478
-23.61721 -136.71692
21.18809 67.07765
-6.44023 -148.49231
-26.82280 -149.56007
-55.80416 -127.08845
-46.11058 158.53696
1.02805 111.10596
12.93170 99.09408
-40.90368 -20.13897
-42.56847 -41.07223
-52.21677 -140.07084
-38.30359 -23.16307
-24.42164 -16.11830
-62.43991 -28.74164
9.43904 162.26961
-61.38233 141.49583
55.06059 -143.50630
-22.72621 162.35789
5.70963 101.43709
12.71251 9.91188
-39.40143 -138.24844
14.38838 -65.38825
-45.89064 -91.31611
-15.20766 -130.60208
54.77401 31.52444
-0.55372 44.04266
-71.94557 -163.42248
-1.82656 -139.58354
-15.01183 89.42027
-22.25673 -0.24330
-16.82467 121.10363
0.78518 75.49482
-4.89971 71.20362
-27.37766 -73.51563
-29.61159 23.44891
32.42780 -104.14569
-50.26028 -12.66983
3.78602 -172.27876
32.78708 -135.83276
-20.42092 -170.29435
9.95869 -51.77519
69.70741 2.72177
52.35432 -135.09451
43.63400 -125.81257
-54.46152 147.46795
-17.08791 -2.55205
-6.27743 -113.25315
18.95861 -120.31703
-3.65254 -169.57698
52.00329 100.73657
-45.06561 -87.85556
41.83427 159.45676
-11.32236 -32.79396
-52.17633 -30.39606
-56.73269 50.79794
-38.14052 85.31985
-44.83625 70.18089
15.68057 -35.22432
77.08654 145.78800
-64.47981 116.75606
-5.54029 154.89707
30.13535 -70.05595
-36.05378 -25.49936
-32.08626 3.16341
-63.83317 150.60295
1.49083 116.24214
-5.73509 -11.54328
53.84191 46.15865
8.91006 143.56900
21.79931 -11.22911
-44.04693 172.52512
-61.50596 45.73291
25.32209 -17.90688
-32.72143 -40.14970
5.67647 145.74395
19.46397 -168.31560
-42.93509 -10.99757
2.35217 -105.66533
-33.14175 -48.23953
9.05885 -159.90614
-57.28043 9.48103
21.29355 43.26558
50.49564 -87.67913
-4.64969 114.08238
42.61776 60.77747
5.81981 119.73493
25.07334 -108.30469
-60.13620 21.53197
-37.09782 -117.83637
-1.32713 172.33146
-5.44540 -176.50141
-9.61943 -93.03052
-39.97655 156.43224
15.03686 -123.09959
-20.73759 151.70412
45.04277 123.67622
29.45911 154.73548
-51.26779 21.10105
-9.39174 66.82637
32.45860 66.58091
73.43435 -163.44759
3.82431 149.40750
-62.80199 69.65062
70.96838 -172.18464
-44.56299 -179.85231
-7.31484 108.11277
47.10747 -159.91346
0.34388 157.93059
-3.09269 -70.71321
-59.72693 150.12637
-63.64826 154.34379
52.35327 -146.69027
44.38077 -11.56136
-6.56700 9.55416
-62.39507 118.23209
55.53489 -103.57748
73.53426 -136.66757
18.29434 -8.16682
63.37453 35.34817
49.64988 -110.20231
59.01106 -11.60743
47.77654 118.01992
-55.43376 99.27839
0.64128 -134.22651
-21.58539 175.72937
-11.99641 60.87021
-80.58898 -15.66710
-21.47249 112.20598
13.84193 23.98074
56.98482 164.36459
-35.31872 -35.22043
-39.06065 162.37801
3.03622 -138.27522
-50.20346 -62.45031
-45.76754 -130.58142
-53.67769 -16.72704
26.48743 58.99957
12.72307 131.55213
50.50135 61.16880
68.66342 -105.15703
-16.12173 165.38394
-28.20282 -115.84418
-16.63527 -25.27747
15.91962 -82.74386
-33.11271 -171.18544
29.78328 95.28894
-23.52632 -69.20527
15.76573 97.21744
6.40832 -31.58371
67.45318 -146.02213
-22.43760 98.38610
64.74661 -45.40274
-44.61977 -135.57551
-19.90679 -1.53147
44.14725 -137.18139
-24.35898 97.31682
-10.32562 57.72345
43.48974 -165.31914
-35.62513 140.66777
-5.80862 122.43316
-18.40744 -41.94885
24.19554 -163.06998
-13.44136 101.12285
-6.70138 -60.63404
8.94619 56.33814
29.04828 138.36381
-38.68617 -63.92219
88.45346 -88.15523
-14.72596 -121.98841
50.45593 34.61438
-29.77903 -114.10177
66.12459 -45.16297
-6.66429 144.58258
-5.90695 40.74371
-19.46053 -103.11167
20.69286 131.50377
-39.83042 -169.38358
83.23039 -11.23392
1.62783 64.49636
7.75160 108.71040
-51.68968 95.30810
-52.05026 84.91191
24.27511 126.55372
0.71131 20.78311
21.52017 -154.86405
-65.54336 102.24922
40.10012 -167.66594
-47.64450 -57.68421
62.88243 175.85844
36.40506 12.91248
18.66987 157.49290
56.61713 85.31718
-7.91149 -158.64165
48.29777 82.20096
-17.08545 42.98971
42.03879 -29.70972
63.64917 -53.19651
-76.28261 -37.13451
11.52951 -104.80553
3.08945 -63.69404
-17.82843 64.80841
-14.56554 104.00646
4.38252 125.01464
-57.25122 129.89626
72.31613 90.39209
-1.00146 2.37608
18.61794 36.58117
22.07294 -86.57004
-20.50411 79.17395
29.80689 -71.17722
-28.15187 -91.72976
-65.75765 -172.15056
-14.62397 -93.05231
29.65698 112.40813
25.67982 -18.11202
-50.97807 91.95346
-16.28781 -94.22257
34.31047 93.48073
-30.24249 -98.33228
2.38457 -15.20983
11.07455 161.95390
-37.30543 -158.46576
-18.31777 -157.15772
-63.14309 59.31819
31.29478 -47.09498
32.41197 135.42656
21.13988 123.90862
-36.39534 22.46640
-5.68070 -112.77696
-32.05475 -169.62339
26.90400 -107.43891
-23.35674 37.14283
-17.60620 -39.65843
39.07803 144.30687
-13.90469 136.07430
-66.86557 115.45664
-5.26620 73.18514
45.11858 32.00090
-58.66535 -88.82709
24.94123 -77.07925
-65.68646 -26.56867
38.75945 -22.27712
74.59916 126.56717
-37.27818 99.72383
32.71860 112.85224
5.44892 137.89320
-12.41584 -117.39310
10.17967 113.72378
-11.67728 -86.73398
-23.48371 33.46132
-10.61027 -98.15985
-15.03080 16.32860
-24.53191 -131.72211
65.95760 72.81228
29.16178 -120.85663
-86.57335 153.74931
-32.15042 62.06955
43.20493 166.02216
-6.78016 -12.56089
-13.45580 152.11977
39.23920 -175.77955
0.84048 137.14235
40.50528 18.06324
-15.67120 -119.53425
74.91237 -107.62341
-27.58181 -76.61596
83.22333 -149.99973
57.65849 -157.96442
79.28452 -51.89477
-0.02255 -95.75161
-53.25216 -144.05594
20.36693 -47.70686
-12.48265 12.06596
-26.90357 152.55122
74.58543 58.86635
15.97260 -38.33476
71.41227 47.13959
-13.41345 -145.36597
-22.88185 147.70228
19.48564 -133.92407
-6.75138 91.58372
-18.77677 171.38633
47.42135 -117.21377
-7.63063 -94.18640
3.74149 -100.55671
19.06311 120.29366
-58.48086 106.25012
-13.69837 -103.06118
-21.89851 41.65068
33.85590 41.42600
9.50564 -50.38185
-28.16204 -19.14465
49.83118 -66.81359
5.62688 73.41310
-20.57110 41.49620
-51.92100 -101.66064
12.35810 56.26934
45.93531 153.67681
-4.84653 11.94108
60.22059 77.53532
47.12763 152.85615
12.75032 -164.62015
88.52098 -178.75393
65.59428 -11.88283
-19.54947 103.80077
-10.90978 -91.32856
-58.50043 -94.13220
76.44716 178.44292
-14.59006 61.77528
25.13200 156.79134
-16.25899 -91.77170
-9.59075 -21.03547
-37.97856 -4.85134
-62.88682 45.20540
-24.82468 -108.97868
-5.01634 152.53565
-42.89116 41.74484
82.76593 -141.32876
-12.20839 -6.14247
-4.63768 70.88205
36.15006 -0.46069
-14.63050 -58.95319
58.60378 -176.54104
47.12226 19.68602
21.72983 81.05653
-77.93708 101.29588
29.37140 77.32369
-13.14566 -149.28994
-5.37513 31.89888
-20.05967 5.39201
33.84439 27.17987
-83.87449 -146.84984
-27.08190 27.99077
44.37377 11.76969
29.34408 -164.95874
39.39212 41.61758
12.99977 98.27728
-41.11783 58.80192
-23.04203 -39.39184
5.93287 148.98290
54.65858 65.16072
27.72995 66.64508
12.16345 -142.72153
-33.85636 -84.63962
-9.34008 -45.97360
7.17159 -136.32601
32.99748 -151.02104
-29.63071 -109.37393
5.33714 -52.44602
-5.72198 -16.66601
-19.72334 -37.21003
-0.45846 -135.93721
-70.55919 0.38462
31.39991 -81.14323
-33.90634 -161.25551
15.69049 176.04995
45.25355 20.73902
43.82498 95.67990
-10.83509 -174.62910
-0.92821 -151.88976
14.03684 155.62395
52.68703 17.67362
22.18123 -87.16376
-19.26455 135.80741
-51.11135 -47.68376
16.19158 -33.27471
9.26505 -154.68746
-23.38502 14.33477
-23.22214 -136.14333
29.67720 41.26452
-51.44724 -147.25763
-35.07652 15.04077
5.04213 -153.82046
33.78919 97.29632
-62.96644 -19.35721
39.47069 -164.08954
34.25238 -135.15157
61.60698 -149.34612
-6.20554 51.76240
24.91404 102.73847
52.01307 -137.61138
26.40169 154.40758
39.58434 -35.34457
31.98716 104.12361
-1.13130 78.62182
-25.65778 103.18469
-12.10648 -79.64225
46.26074 -150.75381
-6.55666 -27.69094
-78.93846 -179.45898
35.41757 64.44401
-20.01355 84.31905
-22.57658 116.13035
24.10583 103.79827
20.00124 166.10299
36.93648 40.07169
-10.70019 176.03279
20.78178 45.44937
-0.74656 166.83528
56.52894 55.72458
39.42876 108.71591
-27.52956 -79.03915
53.06516 -35.76685
-23.17301 -87.74234
-8.22139 -106.18063
-55.73880 138.15045
-29.30190 40.13766
20.48518 -150.60560
28.12219 -168.69490
43.45360 -17.28268
35.35026 -172.94790
-4.32470 -89.09169
-54.18472 172.27528
45.37068 -179.91021
-63.06739 -80.64208
-7.35160 -157.93486
-14.01413 74.22854
-53.24881 -107.73594
58.74330 -21.60890
57.05852 -30.28154
-58.12095 76.08721
3.28947 42.92979
-37.66067 -94.13162
80.65630 118.15936
-14.25493 133.03620
38.95821 -103.54822
12.31693 109.75994
31.84789 -137.55771
20.16061 -55.77671
20.20827 -92.05029
16.60593 66.80323
-35.72356 -20.62319
63.19965 11.60626
28.43370 -143.36926
48.24211 -115.30925
-61.64823 94.02922
-4.70933 -107.51383
47.85822 20.48624
-50.85476 51.60043
27.94623 143.15688
-1.62028 -131.91982
12.76798 -58.89035
49.43934 93.91139
25.64057 2.52040
-16.11452 -100.97951
83.73089 44.08555
12.32173 39.96016
-25.33548 109.65367
18.80954 172.57718
-21.00275 174.09059
72.58246 173.27682
30.06747 47.61678
-57.86740 -7.28096
28.45726 -23.05228
-66.59026 143.93761
14.24577 -106.38935
-48.03509 -92.87740
8.10071 -50.85860
-48.48335 -134.29305
26.89107 -69.02684
-24.96903 53.31092
-72.31290 89.70065
7.36429 -146.19897
-68.33003 174.53198
-36.61874 -121.35872
36.31637 117.94758
7.75745 -155.39519
59.64609 168.61726
36.81122 -96.87162
-18.09297 30.41549
-35.19509 69.54097
-25.66075 -2.30418
26.61205 112.09429
-2.84922 89.12486
5.96000 -13.76753
-1.30032 159.31395
8.94205 -58.99116
-15.85260 -108.05376
-16.43184 64.38873
63.34269 141.71703
27.65607 59.75038
-26.97941 -90.85597
21.88243 29.18104
31.51215 126.06655
62.60782 -164.62692
-35.94817 -19.98352
67.94644 -89.73436
-40.64246 -82.58260
49.18670 161.05659
33.94673 59.79848
0.12935 -142.74153
51.88320 13.14544
29.86993 13.10185
55.82169 -50.13867
24.82343 -135.38484
-43.29871 -120.42389
2.96762 32.48150
36.28379 -33.99478
-5.70921 174.71091
37.60736 -80.06630
11.99972 150.28807
-48.08402 -13.46205
16.99509 -59.55766
-1.57783 79.58599
16.02372 14.92420
-24.37468 -124.05105
-40.26942 -63.43506
-33.38347 87.35488
-59.67249 -152.85528
33.25621 -78.88209
26.48089 -76.52598
-44.08886 65.00816
13.32407 -85.31326
-39.24259 -75.47115
38.17958 -141.09672
-57.34588 164.57473
-21.05573 -70.82559
17.66258 -26.25524
6.14218 29.03405
2.67050 83.37278
24.29274 -20.52635
85.27384 -107.37384
21.42904 -69.05836
4.40006 -25.07804
-21.06841 -22.96959
-63.81987 6.85512
16.20144 93.37574
-6.48966 114.19316
-44.25006 10.28302
-14.61966 100.75116
7.27934 -130.26633
65.43266 132.42655
66.48924 -74.80381
-39.46743 89.59627
-55.84693 -43.29716
43.02349 76.91773
-8.89008 -59.73458
52.34863 58.02575
3.91902 126.06914
6.41754 55.90502
-31.01241 -138.44483
43.35387 29.50318
-21.10032 -35.18310
-38.12936 -154.68362
-14.81974 -110.47596
-14.83418 38.08855
8.06082 -46.47630
41.48277 88.00307
-17.35296 42.99092
49.68236 171.69742
-12.97886 100.12682
-67.62998 142.45734
-3.26839 -12.71288
58.77659 144.24691
38.29668 98.54026
32.98368 133.91366
-3.66192 -126.77625
-70.25408 11.11512
56.40114 157.52131
38.33375 116.85488
-42.44631 -103.22283
-4.11662 -31.07934
-78.34897 -75.25129
-28.37020 -49.50243
38.64744 -14.97082
-37.01618 -178.56446
11.94233 13.21149
10.52468 -148.56960
-26.59477 -139.69488
65.19160 -81.00024
79.54181 36.33623
20.70034 -76.88194
-21.98646 86.67068
21.83117 67.34146
-64.26384 -158.02541
3.59423 34.50574
-45.85289 39.50713
31.54123 21.04829
-10.19672 100.04040
50.33862 46.53767
-60.71881 88.68957
4.86258 166.37163
24.32045 7.14472
1.97688 48.01224
72.03599 75.09144
18.91294 -109.79552
-23.57614 130.12675
-54.81559 19.58734
-51.16797 -40.99675
-70.30312 -145.19974
3.18747 -74.92128
24.26929 164.32771
-62.33740 128.84840
-5.73456 -143.97351
38.74544 102.40579
-74.23524 172.88138
-10.69144 138.44416
-53.29841 80.57221
-1.35569 178.54929
45.67903 -48.47957
13.35886 -165.12741
83.07666 19.29090
67.27393 68.81758
10.47051 76.49166
-65.71785 42.30146
28.63998 7.21214
-30.40013 128.45771
-21.56975 49.16033
73.11489 53.82768
-25.89756 57.74045
-70.05962 100.23881
-33.81606 -17.91502
-41.80041 -127.02023
-33.54570 -102.31528
47.56427 -102.70861
-44.27435 115.12687
45.02103 90.52664
-21.90397 57.87502
-17.19674 178.82430
39.28581 -76.55531
3.82280 91.43987
-18.01508 -111.71315
-13.26216 -42.24961
28.34036 159.87638
-18.00500 -22.02232
52.38631 -44.04098
-9.34904 19.25504
-16.83960 -167.58440
-2.98997 177.50977
-62.24259 -28.32298
-60.60805 102.80835
-74.38933 120.30341
82.49159 27.23448
64.55872 36.35568
-17.60601 -12.39475
-35.38959 166.00570
-32.72522 8.32617
-64.39398 -23.03441
-16.53468 -173.96925
-36.37146 62.51619
-9.28567 -151.23705
-2.46803 -129.03214
46.36438 74.03540
49.06687 26.52357
-12.12111 76.96103
-37.68693 175.27838
-3.64566 150.12355
50.63457 123.42048
8.62886 -55.52891
-29.07038 -158.15796
-4.54128 -151.95856
-24.81425 172.10210
4.84371 -43.41941
65.87641 3.24004
-33.95467 114.30112
33.03720 -153.15598
79.78806 -133.08156
-62.69410 41.75129
51.14706 -130.58131
-51.08176 -38.36820
-35.89410 -13.85000
-34.51658 96.27670
-30.04297 -5.97895
12.31524 102.91014
68.08573 80.40194
-17.50133 -113.31038
-3.78838 11.30612
-63.06702 57.87615
-17.48019 48.61040
-50.04382 10.38642
-21.28481 126.80821
29.90222 -98.64054
-7.56124 -165.51920
-10.86219 -88.44060
57.12267 -39.46201
-48.19901 -72.75838
-22.89611 68.49217
39.73870 -23.05602
24.87924 -117.84274
-16.01832 2.39748
17.42672 170.92986
-78.12887 147.78988
-26.21508 -138.07893
-6.06910 166.20104
-39.89362 -110.03686
-49.91434 -7.92981
60.81522 -31.26346
11.10334 -65.71167
-31.22656 -13.02753
-53.29046 31.06378
5.70809 -26.14956
22.46743 -85.40315
34.71943 -34.78196
-85.65313 -18.02100
-16.30899 45.19156
29.90145 127.19614
41.82622 107.81690
-59.81910 -9.37455
14.64450 -150.24847
-68.68609 146.85435
13.43042 83.77196
-41.47156 0.39394
9.27512 -141.36145
-23.60805 129.57053
-37.27981 -63.12187
13.07870 0.67267
15.99862 60.06466
-18.77032 -74.61034
-44.10293 -57.50078
-6.74805 -104.52643
-5.36125 4.32261
-24.20207 -31.44384
53.73825 -70.51426
0.34111 -19.02960
60.02891 -30.25359
-48.17081 -141.92137
-56.85004 31.03626
23.66155 3.57852
-33.59918 -72.23443
68.19320 91.35359
-49.47985 -167.76730
30.67780 -150.05641
14.96626 53.42459
-34.67447 -34.56547
64.14420 -55.68257
23.41902 -122.47414
-10.97195 143.92167
56.96916 142.04446
-51.07269 62.28469
-30.25717 50.98196
-14.47768 -108.71509
8.26339 -124.99869
-17.36498 -29.58965
-7.08362 -110.41572
-4.36963 -6.73191
-52.94287 -30.00618
42.75080 -34.18008
37.19666 83.39829
-48.16217 50.36365
21.56684 22.27830
-32.05918 54.33910
-28.76571 136.24135
-75.88262 -160.74110
73.07603 53.43045
-8.51348 149.18015
-31.70889 45.29756
13.33492 -54.95425
-30.73129 131.12816
-22.77050 144.10261
30.97256 -175.40309
-81.14650 42.03891
15.56373 117.05816
20.38759 -62.83979
38.47288 148.41265
-40.73406 114.09717
-75.23623 53.95681
55.36034 60.48777
25.43784 130.97938
49.65982 166.62344
2.68366 47.44138
-61.73859 -82.97997
32.88847 -53.38202
-52.70497 16.36932
-68.16416 54.86685
-11.00606 -105.58258
38.88347 42.91905
-28.05986 -53.22287
-55.99478 -53.68707
-51.52668 -128.85399
-3.43205 102.22072
-82.29635 -59.72367
13.97033 -120.64935
46.12341 -138.66347
0.67566 97.82027
15.25458 -24.55737
-26.26396 -48.25552
6.74636 -17.30881
12.47668 9.12463
-60.54800 10.13841
20.72809 -106.22080
-35.93361 -171.59849
3.38104 -52.57344
-70.18854 -104.34422
24.93574 62.17715
25.95153 173.86272
19.46519 -68.56025
-28.54437 62.38124
-25.42190 -61.16520
9.97104 153.87194
20.26915 -81.65478
36.88182 -10.68950
11.45877 -179.49530
15.21933 122.67390
-9.29220 131.94643
-2.68573 63.25730
-31.08343 105.00309
-60.29241 -144.01347
66.10605 -142.63491
-17.96837 -8.21954
5.36653 116.61077
12.00089 137.81296
12.47124 -131.10989
21.94179 -145.91463
43.44577 67.15911
37.93244 -42.38898
63.06881 -2.06155
-38.98471 -174.85971
-25.27415 28.85955
-74.21758 -150.32410
-14.15788 -76.24142
-27.75931 166.86400
-0.05398 -148.97306
20.24333 -170.05120
50.42088 92.88004
17.11093 -11.56878
-12.78346 29.90001
18.86056 35.44151
50.12031 38.85094
-23.96745 119.37861
-8.73092 168.73881
63.25906 -99.51773
-27.75063 -120.06183
-4.50220 56.96047
16.49893 151.64433
30.41097 -85.79192
11.89519 -76.53713
60.10147 121.46511
0.66277 -64.25788
18.84980 173.93737
28.41553 133.29006
-58.52658 -109.11559
18.73959 160.29447
-78.69635 -38.46200
-26.48897 83.26002
40.10582 129.79046
-50.41345 -111.22378
59.12960 -62.68854
-0.52396 -122.91992
9.45397 -136.82158
1.53866 -83.30669
-70.51458 138.14406
-59.61143 -9.23346
-3.08660 -15.76283
56.95197 146.44060
41.61719 37.75087
53.95289 128.73156
13.85265 -104.58402
59.92785 -68.05739
22.26320 121.77420
-8.21323 77.73311
58.05775 51.61001
-11.00099 -48.12262
73.09294 12.18276
3.24014 171.79456
-35.43835 23.44060
-19.32367 155.03491
23.52214 -48.51512
-23.99892 -115.65659
-39.50305 178.79355
-0.90797 -66.83249
37.54860 166.97351
10.11969 -117.58142
-15.95005 -29.10738
7.39594 -69.93539
-0.50570 116.31232
14.77867 157.64549
-30.13670 -115.44638
-42.65924 -126.93084
-24.59648 111.37519
-0.49273 -137.96450
52.21002 73.52281
-25.30797 37.29063
-63.43919 22.73057
33.97929 -15.87116
-14.77222 -56.22994
-69.17030 -142.41958
-74.61005 97.01014
-55.72183 -46.61989
-0.91665 -81.83876
-3.78971 106.79360
-15.77778 -5.89956
-64.27093 80.88539
40.67908 -173.11385
-38.41506 154.36479
3.52769 64.00439
58.33311 109.43625
-38.01038 83.98867
24.12496 147.58003
-68.58446 -152.56093
5.75617 28.16660
-6.01975 -2.36238
44.05404 -40.79075
76.85333 -0.50990
-48.84606 117.15349
-34.38047 -32.74718
-5.42376 70.60863
-35.80753 55.15100
21.55809 -64.74359
17.15892 30.55638
8.21294 23.26785
74.38588 -107.07101
58.82328 81.70521
-43.49034 80.65928
27.86797 143.22614
0.40180 48.73372
21.13562 -96.70657
-72.82138 -46.79531
-27.01564 117.75304
11.51060 -158.06081
-9.64392 -135.46983
44.93409 -107.77959
59.49222 16.77476
-8.69310 74.77775
75.95532 74.87304
-5.85330 -106.53847
-74.75834 127.84699
-62.61397 -61.08898
-4.81934 91.29075
41.95380 172.24163
72.71718 120.54784
-16.64078 127.69922
26.00157 -127.18600
56.99242 6.32709
-15.87766 -4.20807
70.54632 149.54872
-46.13329 76.06713
-2.65918 -121.76334
53.41925 55.69798
2.00177 -64.55346
67.23686 61.26066
34.62841 74.51096
-16.19363 -63.74404
-3.16620 -23.55095
12.71913 -22.53762
-10.18170 -127.23191
1.58897 34.01789
2.53683 160.78646
-37.42209 103.18624
47.30284 -90.60269
-43.21487 -52.96512
78.92122 -99.19939
-30.59149 -37.30548
5.23849 -114.61988
-28.30027 70.59483
-18.61654 58.57466
63.09810 11.23857
-7.59276 -89.28648
-51.16400 16.81532
-76.17435 -89.86725
17.78974 -80.92770
8.09375 23.80388
-43.90301 -81.94230
41.63586 75.52573
-24.77063 165.60413
13.69142 -58.75972
-44.00455 -69.03416
-38.66636 66.63658
40.05749 50.36705
22.19923 138.34491
-14.12587 -94.63134
-5.14124 170.29343
28.33134 -4.96818
-81.02068 -95.93232
16.25534 -21.98508
-37.52044 -134.20292
-42.20763 -99.62138
-8.57795 -66.31577
-39.83369 -42.26816
22.95315 -114.97211
15.43675 137.23238
64.00508 -98.90290
24.82910 65.49333
56.11219 -144.21009
28.33453 -70.67582
15.45394 -128.88740
19.07849 8.07681
55.88510 -108.13162
-60.03434 -95.57530
-26.59023 69.58865
-53.32392 -53.96199
-5.18149 51.18408
-47.19530 142.42860
-64.44399 138.34757
-58.62072 -153.40242
-30.59690 105.93257
60.67075 -109.28555
18.24522 165.43313
-54.61280 -145.04947
-57.55769 16.82734
34.34287 46.14111
38.65499 130.43008
17.30726 -125.13491
-1.05383 17.15074
5.20992 122.13608
-12.54932 34.36071
7.72220 90.65023
23.25065 -143.75013
-25.16175 -122.38223
-45.63534 -129.36425
41.36707 -83.04292
-22.02181 83.64214
30.69279 139.44264
-45.41071 72.36125
19.18162 -8.46481
31.60226 -109.62142
-19.80113 69.36978
22.25349 51.74170
1.46640 153.73817
71.57193 -73.88581
-27.24701 -70.03611
0.27736 51.05844
-32.99098 -1.46109
-68.15908 -66.31585
-41.47798 5.15766
40.63712 -17.76298
0.39730 -10.24819
-62.57645 -57.13991
-40.29948 79.94614
11.78900 59.52595
1.28309 -15.97926
-52.71406 -57.03925
-28.14912 -12.81354
-41.13686 86.02885
5.12045 -122.97336
10.45708 -134.78999
-35.68672 -65.38688
24.59042 177.93450
0.62288 -83.56988
3.25046 -74.36064
14.12427 60.30217
36.42290 -65.24772
-6.25296 -111.66887
3.40306 -149.36814
7.95890 -158.37988
-73.05997 77.34874
-20.44497 -81.68758
11.72248 -113.26554
-4.43310 98.07935
25.83849 175.81465
-25.46311 -124.09628
67.61346 1.95366
-31.01392 146.48921
-12.65578 -59.17311
-46.07020 124.55337
0.43231 -156.90403
-14.89205 -119.70016
-24.83915 123.66945
0.88606 12.31904
22.42330 -16.73398
35.37712 -62.11380
-9.11012 30.58969
48.11876 -39.83582
44.01420 -122.54187
14.10592 -126.77277
45.31090 173.39624
-24.51717 -50.20322
-34.44461 -87.16434
-1.77547 -1.89448
-55.02613 -128.70710
-59.03226 -125.73408
29.99139 139.72049
-29.24473 75.15640
-25.89329 21.33606
-64.26144 -5.20463
4.14704 27.69347
-20.73218 -48.25840
20.38783 127.23488
23.07639 51.11445
-38.12554 -74.16323
1.27971 -18.16300
32.36609 64.17178
4.43183 98.03094
64.09171 10.32897
63.88979 135.12103
-76.45699 128.53183
36.17237 111.89067
-12.74425 -27.49786
-5.81883 151.40931
-20.64591 142.32425
-47.99437 67.99991
-62.81320 -177.99825
42.41833 -137.47820
-35.51966 -85.22572
61.21904 64.44099
-5.73467 -124.60888
57.26395 18.32543
0.36566 -157.26607
-14.54478 110.53444
22.57534 76.44506
-45.41702 -145.60849
-56.27598 121.31328
-0.08248 -145.93588
23.75611 -113.11600
16.88044 172.23288
-43.07009 6.88751
12.12022 -60.24005
10.92797 -110.93859
-2.83161 89.56842
11.24305 139.98887
-31.33974 78.67718
-64.19214 -67.09722
24.94457 -147.15266
-63.69970 -130.79357
39.93133 58.92728
-12.63029 66.97051
-9.92015 -160.21553
-45.82795 9.68232
40.59176 18.13294
-6.58815 84.53405
21.44841 -72.68992
61.95853 -94.48707
-44.04860 94.83423
-85.14258 61.34125
65.38147 -67.63865
22.45510 139.42105
18.76508 -48.02548
-26.29136 -134.57937
-28.50039 -35.71000
-44.79135 48.10480
14.29325 8.80725
-53.93632 122.19541
-65.95565 117.87570
-3.43382 -95.23222
0.27573 24.37957
-9.79606 7.33131
-0.20842 131.02425
-8.16977 149.87757
-26.12118 162.35813
6.49275 94.18844
-45.49081 -14.45854
-2.62917 -106.24343
-11.99796 -78.66205
-8.58769 80.74344
-3.01652 -112.52975
-47.03007 -58.19281
-59.16136 28.53926
17.36702 146.62492
-40.46926 -77.98795
-27.29838 -101.42568
-13.65815 -64.89982
-61.24734 -118.42823
4.11122 -32.35912
55.22732 -167.17800
-2.19733 92.56736
-32.45220 119.02975
-27.23070 -18.88293
-38.75590 40.40133
34.90991 146.50308
9.32223 86.22343
-39.82723 -26.11150
8.11266 75.52589
-75.18720 139.34640
14.39445 1.84470
2.46246 14.59245
-75.23119 -15.80608
6.50583 -121.20038
39.59892 -88.17124
53.82439 77.26713
62.01595 -167.74086
-1.22569 -117.03042
-35.37923 77.12943
-25.39465 119.01500
-3.88358 114.59064
24.81157 -71.03350
28.02118 -126.33488
-13.40893 -131.98935
-0.67126 90.47466
45.05132 -4.00698
-52.97209 13.39073
15.46796 -146.21354
41.04668 30.42677
-26.39910 26.01098
29.02468 -125.66811
7.34810 66.49385
-52.41177 1.24084
-14.09272 -73.87464
47.60701 138.71924
-52.11409 91.00378
4.31293 -119.57631
56.41637 -77.57758
5.62360 166.02338
-34.28648 -81.33381
-18.23875 56.73203
-14.49384 166.84274
-59.20972 -75.84613
-39.64460 -117.72343
-59.23189 133.35668
-24.97759 -163.51105
13.68817 55.15836
29.60850 72.74186
-61.55844 28.70955
45.48515 78.19240
8.89151 -88.50447
14.44437 41.88408
-23.52757 19.27025
-37.05978 51.60139
37.35306 -135.46533
39.41777 -142.23191
3.53584 87.10493
2.00967 96.56591
-17.22297 -166.47115
-33.65313 161.97794
-21.78004 160.98026
72.74613 -114.23123
-23.11327 -71.03954
3.91152 131.45167
-58.13301 12.76698
13.97444 -10.62121
22.25895 -103.34177
-22.63419 -114.29148
-39.12750 64.05167
2.39744 -127.75145
-89.65360 -147.15545
2.90187 6.17716
-0.22235 -1.89777
59.23771 -95.73613
45.40914 -36.80254
49.37878 60.05616
16.14602 -104.45563
-11.96613 -97.67542
-0.52907 -120.61782
-36.86650 -69.62694
69.07858 40.59651
79.80718 -105.55645
-82.65585 39.84616
-59.09196 103.66007
-18.42271 63.95256
-21.43245 -64.27834
72.76111 147.62492
56.55191 89.15065
39.60884 -56.06804
-53.72886 174.26897
48.61486 -32.88489
-50.54168 27.93111
57.93200 -58.19943
28.88554 144.80312
-10.96090 142.74820
-9.41132 65.32767
-49.49447 16.48065
-21.39858 13.37467
27.69691 108.50271
50.88403 -45.91425
-13.16572 -44.82546
-47.05240 87.43068
15.13146 -6.89656
-57.51576 141.43232
0.89842 104.24109
-3.83332 116.37190
34.25904 -5.05024
-0.35477 106.32201
-15.08045 -52.05969
-26.50707 -117.94900
-76.67911 -27.96234
39.97384 -103.06436
26.31205 -178.34049
28.46547 119.36726
19.90047 86.38583
-44.54052 -35.95086
-12.09182 -160.60190
16.12723 9.08345
62.53442 119.85791
-11.19886 -125.34192
-40.31868 -163.87891
6.93322 106.71989
-52.29485 144.90190
48.91216 75.75581
57.54843 159.52911
71.59951 146.89599
14.50280 -31.41484
20.35071 -52.08618
37.51714 -52.91887
58.84711 53.21636
35.37293 -69.88433
-22.53663 5.63277
-25.77682 52.67293
28.20087 -89.55616
4.81871 106.15749
50.20602 27.36877
-73.31816 -114.29257
0.65586 -129.87849
-9.70479 -56.48618
36.72136 33.32862
9.46562 -24.68734
-23.82474 157.88486
-14.98057 174.38096
6.58942 -124.32914
65.68968 52.39899
-26.57641 -119.76864
46.16874 41.83313
22.19154 149.08833
50.79245 43.51236
-49.66616 -72.94891
40.52428 -46.93708
-7.17764 -59.46138
45.95045 174.50578
27.09341 -91.01388
35.09332 -53.24370
-22.19449 -67.12326
38.24245 157.32264
9.72049 -158.57757
-50.69965 58.27207
71.83109 125.04116
27.20107 71.87682
29.36294 37.77111
79.78658 -163.77775
8.21289 148.80009
-26.42212 30.02177
-62.76248 86.09104
-0.92623 -27.57302
-29.09187 -140.85472
3.34500 -69.61778
27.23271 23.61804
36.48238 -131.63959
-3.80199 117.08114
-29.12149 26.26449
-13.34770 139.99909
51.14975 44.79561
21.39020 171.11729
40.05303 -49.83452
-30.87399 8.49091
-49.90070 179.32886
34.32184 -143.10611
30.87515 91.94563
6.55342 23.35262
50.60074 169.86663
3.14248 -107.07563
61.27683 82.95982
63.18350 -16.92213
-46.01376 -111.95828
-13.82609 -143.60347
-63.87059 -13.27572
54.25767 -99.56453
8.56712 44.80554
-22.77083 2.25738
-80.58756 88.22140
48.03143 -63.61518
-1.25189 -109.21218
77.33186 73.19141
65.63585 174.57269
-25.98796 129.94445
-58.90930 -37.29234
-73.18381 -62.93126
54.82488 47.96812
13.05903 35.31536
47.15723 53.94419
-51.00010 71.06320
16.01502 -4.71368
-17.20717 59.31607
49.58564 72.48351
-4.33581 168.46122
8.46409 -88.05925
31.08912 139.69902
-48.46041 -69.74922
32.41869 -30.92344
-46.05463 117.49334
14.45031 158.18924
58.10271 -54.16757
-39.58302 76.24985
20.68771 4.89727
-16.30099 -10.22929
-53.09875 170.31031
63.88383 148.82698
53.59095 -91.79193
-1.26412 101.02496
-50.72396 153.75426
-56.31998 10.42623
26.96108 43.38812
-5.03359 -13.21617
62.68339 -107.01394
-29.43079 -173.29208
0.22080 -7.74211
-7.77454 -158.14450
31.98066 146.29110
-30.45904 -47.04409
2.53348 7.11280
74.32579 25.13306
37.03764 93.06417
43.15275 82.36018
45.34397 63.85329
-41.85780 157.03951
-26.58114 146.55568
-56.23672 -90.28876
53.23266 156.80334
-87.84745 -72.05543
62.49928 178.80192
30.13674 -26.12145
24.26558 179.03919
8.34667 -13.37166
-41.61145 70.46619
37.54722 73.75833
-4.17747 33.39212
-16.82054 129.43735
26.53285 -177.32666
31.57328 -83.25698
13.16972 -151.36064
38.45267 -116.62004
-38.81964 43.84346
25.38567 -39.44647
-13.98239 138.87456
25.49355 -21.65662
-18.86327 -127.37567
-33.52877 28.69153
-18.17071 -106.54209
-14.64148 122.46340
9.71781 -74.48979
45.47949 54.73562
-21.72855 -5.35191
59.41068 129.17278
-40.67075 -174.66425
24.64365 -1.26729
25.94812 163.80920
-62.47141 -123.64521
-42.12758 -24.36031
-46.21210 79.00176
51.35977 125.07054
29.15692 -96.00368
60.30135 24.23974
54.14253 97.08677
-34.25990 -149.21697
-1.65406 -99.79000
-27.70553 -150.29430
-63.41541 49.90081
14.05734 -130.58991
2.73591 -111.43161
2.56125 -49.78332
47.15469 -124.08567
-66.25499 -106.10699
24.96434 -135.01558
23.13796 66.86474
31.10494 -124.85571
-78.55080 -8.87014
-76.31583 94.90241
-22.49276 38.89343
-0.03017 -9.87810
-2.28641 -94.22466
-35.02647 -39.36808
29.59812 -145.67321
-33.89152 -55.90434
-54.08252 -3.56260
-18.26569 -100.28669
12.41032 -137.85850
-55.68430 65.19487
10.22695 36.27956
-42.59878 -68.27263
-49.00333 -56.87880
22.49559 139.33005
-30.56254 61.10902
77.53166 -63.66673
1.13589 -150.38669
9.00211 46.77720
22.08884 -167.50408
23.79897 4.69641
23.80029 -177.48918
14.06607 -115.56781
-45.67039 102.64460
-34.46297 18.66169
-24.86741 -44.17135
-9.46083 136.46899
-5.80146 -75.12819
-52.25756 121.37579
70.55633 -32.97146
12.47855 -66.60415
10.64782 -9.30316
-71.26686 -28.69562
-78.59691 -83.69098
28.17270 41.92171
25.38677 69.45667
9.39652 49.74399
9.20484 8.57864
8.82619 91.97933
59.66355 89.32330
64.31226 52.16414
-18.64866 59.42783
40.89940 38.65214
76.93828 -70.64419
-46.55055 -38.77096
74.57820 73.13666
27.50735 33.03155
-48.65449 -3.19364
10.51336 4.24096
4.80970 125.87575
63.25050 87.94485
-39.29398 -68.45564
31.36864 166.89415
20.58324 114.17162
-37.21408 -41.99067
-41.41067 99.44913
4.38218 104.16005
24.07475 -8.19267
6.86227 11.64417
-74.02875 15.16711
-26.22561 -46.10369
-42.29859 29.87637
-18.13588 37.53152
47.74764 111.76098
29.47446 87.84391
-32.88417 -88.28816
-26.69460 -117.57494
32.31687 -118.79549
-69.95409 0.78393
13.67125 -14.49690
48.79866 66.73629
-16.48800 -56.33227
17.10290 130.65716
49.96079 -30.28524
27.68327 -100.84663
-18.46073 87.79299
53.79961 -142.67835
-9.22543 92.43435
4.51071 -31.70195
27.97508 -97.30441
4.77955 -17.84674
-63.87093 50.23904
27.51799 -6.92578
-41.97759 -82.57395
82.02385 113.47873
-18.63789 -1.04818
-64.84634 159.09579
34.37070 -67.64181
-17.41023 -173.88312
